2000810122 4 1 5 1
2000836138 2 1 1 1
2000836143 1 1 1 1
2000836243 0 1 1 1
2000862313 12 0 1 1
2000862318 11 0 1 1
2001847317 10 0 1 1
2003652502 4 1 5 0
2003655133 2 1 1 0
2003655155 1 1 1 0
2003655243 0 1 1 0
2003657056 10 0 1 0
2003658386 12 0 1 0
2003658408 11 0 1 0
2004460224 4 1 5 1
2004514322 0 1 1 1
2004700074 10 0 1 1
2005163929 2 1 1 1
2005165009 1 1 1 1
2005248382 12 0 1 1
2005249419 11 0 1 1
2005969834 4 1 5 0
2005971321 2 1 1 0
2005971343 1 1 1 0
2005972003 0 1 1 0
2005973134 12 0 1 0
2005973156 11 0 1 0
2005974176 10 0 1 0
2005974696 1 1 1 1
2005974944 2 1 1 1
2005979021 2 1 1 0
2005979043 1 1 1 0
2006777556 4 1 5 1
2006804101 0 1 1 1
2006889019 10 0 1 1
2007285894 2 1 1 1
2007286204 1 1 1 1
2007368001 12 0 1 1
2007368311 11 0 1 1
2007848326 4 1 5 0
2007849923 2 1 1 0
2007849967 1 1 1 0
2007850627 0 1 1 0
2007851736 12 0 1 0
2007851780 11 0 1 0
2007853410 1 1 1 1
2007853636 2 1 1 1
2007853970 10 0 1 0
2007857821 1 1 1 0
2007857887 2 1 1 0
2008656048 4 1 5 1
2008682503 0 1 1 1
2008767370 10 0 1 1
2009038183 1 1 1 1
2009039263 2 1 1 1
2009145208 11 0 1 1
2009145693 12 0 1 1
2009558698 4 1 5 0
2009560273 2 1 1 0
2009560317 1 1 1 0
2009560801 0 1 1 0
2009561996 12 0 1 0
2009562043 11 0 1 0
2009564144 10 0 1 0
2009566190 1 1 1 1
2009566236 2 1 1 1
2009569205 1 1 1 0
2009569359 2 1 1 0
2010366420 4 1 5 1
2010392605 0 1 1 1
2010477486 10 0 1 1
2010571131 2 1 1 1
2010573848 1 1 1 1
2010690022 12 0 1 1
2010693132 11 0 1 1
2010997900 4 1 5 0
2010999651 2 1 1 0
2010999695 1 1 1 0
2010999871 0 1 1 0
2011001284 12 0 1 0
2011001335 11 0 1 0
2011003214 10 0 1 0
2011004488 1 1 1 1
2011004624 2 1 1 1
2011007901 2 1 1 0
2011008065 1 1 1 0
2011805622 4 1 5 1
2011831537 0 1 1 1
2011911067 2 1 1 1
2011912269 1 1 1 1
2011916406 10 0 1 1
2012020372 12 0 1 1
2012021950 11 0 1 1
2012377072 4 1 5 0
2012378999 0 1 1 0
2012379065 2 1 1 0
2012379109 1 1 1 0
2012380788 12 0 1 0
2012380832 11 0 1 0
2012382342 10 0 1 0
2012385707 1 1 1 1
2012385838 2 1 1 1
2012388063 2 1 1 0
2012388085 1 1 1 0
2013184794 4 1 5 1
2013210529 0 1 1 1
2013273829 2 1 1 1
2013274008 1 1 1 1
2013295479 10 0 1 1
2013363296 12 0 1 1
2013363732 11 0 1 1
2013691444 4 1 5 0
2013693371 0 1 1 0
2013693547 2 1 1 0
2013693599 1 1 1 0
2013695360 12 0 1 0
2013695412 11 0 1 0
2013696714 10 0 1 0
2013701130 2 1 1 1
2013701182 1 1 1 1
2013702567 2 1 1 0
2013702589 1 1 1 0
2014499166 4 1 5 1
2014524811 0 1 1 1
2014572618 2 1 1 1
2014572653 1 1 1 1
2014609678 10 0 1 1
2014641885 12 0 1 1
2014642015 11 0 1 1
2015114536 4 1 5 0
2015116507 0 1 1 0
2015116781 2 1 1 0
2015116815 1 1 1 0
2015118691 12 0 1 0
2015118718 11 0 1 0
2015119850 10 0 1 0
2015922258 4 1 5 1
2015947903 0 1 1 1
2015994900 2 1 1 1
2015994996 1 1 1 1
2016032777 10 0 1 1
2016065865 12 0 1 1
2016065985 11 0 1 1
2016694678 4 1 5 0
2016696671 0 1 1 0
2016696869 2 1 1 0
2016696913 1 1 1 0
2016698772 12 0 1 0
2016698816 11 0 1 0
2016700014 10 0 1 0
2017502400 4 1 5 1
2017528045 0 1 1 1
2017587177 1 1 1 1
2017589234 2 1 1 1
2017612907 10 0 1 1
2017674285 11 0 1 1
2017677705 12 0 1 1
2018259970 4 1 5 0
2018261941 0 1 1 0
2018261963 2 1 1 0
2018262007 1 1 1 0
2018263596 12 0 1 0
2018263820 11 0 1 0
2018265284 10 0 1 0
2019067692 4 1 5 1
2019093337 0 1 1 1
2019158436 1 1 1 1
2019160827 2 1 1 1
2019178275 10 0 1 1
2019251103 11 0 1 1
2019253928 12 0 1 1
2019823462 4 1 5 0
2019825411 0 1 1 0
2019825527 2 1 1 0
2019825565 1 1 1 0
2019827257 12 0 1 0
2019827288 11 0 1 0
2019828754 10 0 1 0
2020631184 4 1 5 1
2020656829 0 1 1 1
2020724192 1 1 1 1
2020724225 2 1 1 1
2020741698 10 0 1 1
2020823193 11 0 1 1
2020823368 12 0 1 1
2021309464 4 1 5 0
2021311391 0 1 1 0
2021311439 2 1 1 0
2021311479 1 1 1 0
2021313169 12 0 1 0
2021313202 11 0 1 0
2021314734 10 0 1 0
2021319382 2 1 1 1
2021319422 1 1 1 1
2021320631 2 1 1 0
2021320653 1 1 1 0
2022117186 4 1 5 1
2022142831 0 1 1 1
2022212228 2 1 1 1
2022212389 1 1 1 1
2022227699 10 0 1 1
2022311054 12 0 1 1
2022311364 11 0 1 1
2022809056 4 1 5 0
2022810983 0 1 1 0
2022811049 2 1 1 0
2022811093 1 1 1 0
2022812772 12 0 1 0
2022812816 11 0 1 0
2022814326 10 0 1 0
2022818632 2 1 1 1
2022818676 1 1 1 1
2022820211 1 1 1 0
2022820223 2 1 1 0
2023616778 4 1 5 1
2023642423 0 1 1 1
2023711273 2 1 1 1
2023711744 1 1 1 1
2023727324 10 0 1 1
2023808008 12 0 1 1
2023809032 11 0 1 1
2024164648 4 1 5 0
2024166553 0 1 1 0
2024166641 2 1 1 0
2024166713 1 1 1 0
2024168364 12 0 1 0
2024168443 11 0 1 0
2024169896 10 0 1 0
2024174134 2 1 1 1
2024174206 1 1 1 1
2024175793 1 1 1 0
2024175815 2 1 1 0
2024972370 4 1 5 1
2024998015 0 1 1 1
2025055199 2 1 1 1
2025055692 1 1 1 1
2025082875 10 0 1 1
2025135255 12 0 1 1
2025136283 11 0 1 1
2025605380 4 1 5 0
2025607329 0 1 1 0
2025607549 2 1 1 0
2025607593 1 1 1 0
2025609362 12 0 1 0
2025609406 11 0 1 0
2025610672 10 0 1 0
2026413102 4 1 5 1
2026438747 0 1 1 1
2026493789 2 1 1 1
2026494266 1 1 1 1
2026523703 10 0 1 1
2026573797 12 0 1 1
2026574692 11 0 1 1
2027101912 4 1 5 0
2027103883 0 1 1 0
2027104059 2 1 1 0
2027104103 1 1 1 0
2027105872 12 0 1 0
2027105916 11 0 1 0
2027107226 10 0 1 0
2027909634 4 1 5 1
2027935279 0 1 1 1
2027993297 2 1 1 1
2027993650 1 1 1 1
2028020193 10 0 1 1
2028079525 12 0 1 1
2028080095 11 0 1 1
2028638494 4 1 5 0
2028640443 0 1 1 0
2028640531 2 1 1 0
2028640575 1 1 1 0
2028642344 12 0 1 0
2028642388 11 0 1 0
2028643786 10 0 1 0
2029446216 4 1 5 1
2029471861 0 1 1 1
2029534168 2 1 1 1
2029534504 1 1 1 1
2029556882 10 0 1 1
2029626382 12 0 1 1
2029626931 11 0 1 1
2030096776 4 1 5 0
2030098703 0 1 1 0
2030098857 2 1 1 0
2030098901 1 1 1 0
2030100580 12 0 1 0
2030100624 11 0 1 0
2030102046 10 0 1 0
2030107481 1 1 1 1
2030107520 2 1 1 1
2030107921 1 1 1 0
2030107943 2 1 1 0
2030904498 4 1 5 1
2030930143 0 1 1 1
2030993421 2 1 1 1
2030993683 1 1 1 1
2031015012 10 0 1 1
2031085311 12 0 1 1
2031085701 11 0 1 1
2031534988 4 1 5 0
2031536915 0 1 1 0
2031537069 2 1 1 0
2031537113 1 1 1 0
2031538836 11 0 1 0
2031538882 12 0 1 0
2031540258 10 0 1 0
2031545423 1 1 1 1
2031545462 2 1 1 1
2031546143 1 1 1 0
2031546155 2 1 1 0
2032342710 4 1 5 1
2032368355 0 1 1 1
2032429871 2 1 1 1
2032430030 1 1 1 1
2032453219 10 0 1 1
2032518314 12 0 1 1
2032518519 11 0 1 1
2032892380 4 1 5 0
2032894307 0 1 1 0
2032894461 2 1 1 0
2032894505 1 1 1 0
2032896274 12 0 1 0
2032896318 11 0 1 0
2032897650 10 0 1 0
2032903034 2 1 1 1
2032903078 1 1 1 1
2032903535 1 1 1 0
2032903547 2 1 1 0
2033700102 4 1 5 1
2033725747 0 1 1 1
2033779369 2 1 1 1
2033779518 1 1 1 1
2033810615 10 0 1 1
2033856130 12 0 1 1
2033856325 11 0 1 1
2034299182 4 1 5 0
2034301153 0 1 1 0
2034301307 2 1 1 0
2034301351 1 1 1 0
2034303210 12 0 1 0
2034303254 11 0 1 0
2034304496 10 0 1 0
2035106904 4 1 5 1
2035132549 0 1 1 1
2035183505 2 1 1 1
2035183599 1 1 1 1
2035217434 10 0 1 1
2035258867 12 0 1 1
2035258931 11 0 1 1
2035838014 4 1 5 0
2035839985 0 1 1 0
2035840117 2 1 1 0
2035840169 1 1 1 0
2035842020 12 0 1 0
2035842079 11 0 1 0
2035843328 10 0 1 0
2036645736 4 1 5 1
2036671381 0 1 1 1
2036727257 1 1 1 1
2036727352 2 1 1 1
2036756253 10 0 1 1
2036812749 11 0 1 1
2036813093 12 0 1 1
2037343726 4 1 5 0
2037345697 0 1 1 0
2037345741 2 1 1 0
2037345791 1 1 1 0
2037347554 12 0 1 0
2037347604 11 0 1 0
2037349040 10 0 1 0
2038151448 4 1 5 1
2038177093 0 1 1 1
2038238171 1 1 1 1
2038238283 2 1 1 1
2038261960 10 0 1 1
2038330030 11 0 1 1
2038330384 12 0 1 1
2038850428 4 1 5 0
2038852355 0 1 1 0
2038852487 2 1 1 0
2038852531 1 1 1 0
2038854300 12 0 1 0
2038854344 11 0 1 0
2038855698 10 0 1 0
2038861240 2 1 1 1
2038861374 1 1 1 1
2038861595 2 1 1 0
2038861617 1 1 1 0
2039658150 4 1 5 1
2039683795 0 1 1 1
2039749079 1 1 1 1
2039749261 2 1 1 1
2039768664 10 0 1 1
2039844380 11 0 1 1
2039844896 12 0 1 1
2040322570 4 1 5 0
2040324497 0 1 1 0
2040324541 2 1 1 0
2040324585 1 1 1 0
2040326264 12 0 1 0
2040326308 11 0 1 0
2040327840 10 0 1 0
2040332664 2 1 1 1
2040332798 1 1 1 1
2040333737 2 1 1 0
2040333759 1 1 1 0
2041130292 4 1 5 1
2041155937 0 1 1 1
2041222829 1 1 1 1
2041222922 2 1 1 1
2041240804 10 0 1 1
2041318381 11 0 1 1
2041318680 12 0 1 1
2041772662 4 1 5 0
2041774589 0 1 1 0
2041774655 2 1 1 0
2041774699 1 1 1 0
2041776378 12 0 1 0
2041776422 11 0 1 0
2041777932 10 0 1 0
2041782508 2 1 1 1
2041782557 1 1 1 1
2041783817 1 1 1 0
2041783829 2 1 1 0
2042580384 4 1 5 1
2042605849 2 1 1 1
2042606029 0 1 1 1
2042630679 12 0 1 1
2042671072 1 1 1 1
2042690896 10 0 1 1
2042763317 11 0 1 1
2043185674 4 1 5 0
2043187953 2 1 1 0
2043188041 0 1 1 0
2043188371 1 1 1 0
2043190094 11 0 1 0
2043191296 12 0 1 0
2043191384 10 0 1 0
2043192804 1 1 1 1
2043197655 1 1 1 0
2043993396 4 1 5 1
2044018226 2 1 1 1
2044019131 0 1 1 1
2044021569 12 0 1 1
2044079291 1 1 1 1
2044103993 10 0 1 1
2044164645 11 0 1 1
2045310316 4 1 5 0
2045312381 2 1 1 0
2045312881 0 1 1 0
2045313057 1 1 1 0
2045314870 11 0 1 0
2045315731 12 0 1 0
2045316224 10 0 1 0
2045317670 1 1 1 1
2045322297 1 1 1 0
2046118038 4 1 5 1
2046144313 1 1 1 1
2046144583 0 1 1 1
2046150270 2 1 1 1
2046169143 11 0 1 1
2046182282 12 0 1 1
2046229451 10 0 1 1
2047273678 4 1 5 0
2047275539 2 1 1 0
2047276485 1 1 1 0
2047276661 0 1 1 0
2047278342 12 0 1 0
2047279828 11 0 1 0
2047280004 10 0 1 0
2048081400 4 1 5 1
2048106358 1 1 1 1
2048108485 0 1 1 1
2048125278 2 1 1 1
2048131188 11 0 1 1
2048181285 12 0 1 1
2048193349 10 0 1 1
2049651040 4 1 5 0
2049652989 2 1 1 0
2049653033 1 1 1 0
2049654353 0 1 1 0
2049654892 12 0 1 0
2049656376 11 0 1 0
2049657696 10 0 1 0
2050458762 4 1 5 1
2050487737 0 1 1 1
2050492533 1 1 1 1
2050526129 11 0 1 1
2050536447 2 1 1 1
2050572629 10 0 1 1
2050602417 12 0 1 1
2051723212 4 1 5 0
2051724831 1 1 1 0
2051725073 2 1 1 0
2051726437 0 1 1 0
2051727066 12 0 1 0
2051727634 11 0 1 0
2051729780 10 0 1 0
2051730766 2 1 1 1
2051734357 2 1 1 0
2052530934 4 1 5 1
2052556939 2 1 1 1
2052560719 0 1 1 1
2052578352 1 1 1 1
2052581769 12 0 1 1
2052637569 11 0 1 1
2052645599 10 0 1 1
2053520704 4 1 5 0
2053522323 1 1 1 0
2053522741 2 1 1 0
2053524319 11 0 1 0
2053524699 0 1 1 0
2053526084 12 0 1 0
2053528042 10 0 1 0
2054328426 4 1 5 1
2054353194 2 1 1 1
2054356537 12 0 1 1
2054360281 0 1 1 1
2054411341 1 1 1 1
2054445165 10 0 1 1
2054473867 11 0 1 1
2055767026 4 1 5 0
2055768755 2 1 1 0
2055769091 1 1 1 0
2055771091 11 0 1 0
2055771703 0 1 1 0
2055772098 12 0 1 0
2055775046 10 0 1 0
2055775234 1 1 1 1
2055780019 1 1 1 0
2056574748 4 1 5 1
2056600933 1 1 1 1
2056606421 2 1 1 1
2056609843 0 1 1 1
2056625763 11 0 1 1
2056637883 12 0 1 1
2056694709 10 0 1 1
2057765038 4 1 5 0
2057766767 2 1 1 0
2057767339 1 1 1 0
2057769660 12 0 1 0
2057770682 11 0 1 0
2057771761 0 1 1 0
2057775104 10 0 1 0
2058572760 4 1 5 1
2058597695 1 1 1 1
2058615145 0 1 1 1
2058616165 2 1 1 1
2058622525 11 0 1 1
2058669495 12 0 1 1
2058700008 10 0 1 1
2060186950 4 1 5 0
2060188877 1 1 1 0
2060188899 2 1 1 0
2060190802 12 0 1 0
2060192220 11 0 1 0
2060196093 0 1 1 0
2060199436 10 0 1 0
2060994672 4 1 5 1
2061028719 1 1 1 1
2061047497 0 1 1 1
2061061950 2 1 1 1
2061062754 11 0 1 1
2061127730 12 0 1 1
2061132360 10 0 1 1
2062293952 4 1 5 0
2062295527 1 1 1 0
2062295813 2 1 1 0
2062297806 12 0 1 0
2062298240 11 0 1 0
2062303491 0 1 1 0
2062306834 10 0 1 0
2063101674 4 1 5 1
2063127679 2 1 1 1
2063149964 1 1 1 1
2063152509 12 0 1 1
2063157289 0 1 1 1
2063206566 11 0 1 1
2063242156 10 0 1 1
2064037534 4 1 5 0
2064039175 1 1 1 0
2064039549 2 1 1 0
2064041438 11 0 1 0
2064042892 12 0 1 0
2064049515 0 1 1 0
2064052858 10 0 1 0
2064845256 4 1 5 1
2064870092 2 1 1 1
2064873435 12 0 1 1
2064909129 1 1 1 1
2064912121 0 1 1 1
2064977071 11 0 1 1
2064996988 10 0 1 1
2066241466 4 1 5 0
2066243217 2 1 1 0
2066243503 1 1 1 0
2066245496 11 0 1 0
2066246560 12 0 1 0
2066253469 0 1 1 0
2066256812 10 0 1 0
2067049188 4 1 5 1
2067075283 1 1 1 1
2067100113 11 0 1 1
2067116413 0 1 1 1
2067201277 10 0 1 1
2067668428 4 1 5 0
2067670003 1 1 1 0
2067673346 11 0 1 0
2067676339 0 1 1 0
2067679682 10 0 1 0
2068476150 4 1 5 1
2068500996 1 1 1 1
2068504339 11 0 1 1
2068527535 0 1 1 1
2068612395 10 0 1 1
2069512270 4 1 5 0
2069513845 1 1 1 0
2069517188 11 0 1 0
2069520181 0 1 1 0
2069523524 10 0 1 0
2070319992 4 1 5 1
2070347662 1 1 1 1
2070371377 0 1 1 1
2070375357 11 0 1 1
2070456237 10 0 1 1
2071350802 4 1 5 0
2071352311 1 1 1 0
2071355384 11 0 1 0
2071358647 0 1 1 0
2071361990 10 0 1 0
2072158524 4 1 5 1
2072193442 1 1 1 1
2072207749 0 1 1 1
2072228320 11 0 1 1
2072292609 10 0 1 1
2072969734 4 1 5 0
2072971155 1 1 1 0
2072973868 11 0 1 0
2072975907 0 1 1 0
2072979250 10 0 1 0
2073777456 4 1 5 1
2073819696 1 1 1 1
2073820111 0 1 1 1
2073861974 11 0 1 1
2073904971 10 0 1 1
2074471396 4 1 5 0
2074472751 1 1 1 0
2074475194 11 0 1 0
2074475831 0 1 1 0
2074479174 10 0 1 0
2075279118 4 1 5 1
2075314933 0 1 1 1
2075327967 1 1 1 1
2075376833 11 0 1 1
2075399793 10 0 1 1
2075778118 4 1 5 0
2075779429 1 1 1 0
2075781152 11 0 1 0
2075781321 0 1 1 0
2075784664 10 0 1 0
2076585840 4 1 5 1
2076616795 0 1 1 1
2076634768 1 1 1 1
2076684210 11 0 1 1
2076701655 10 0 1 1
2077141180 4 1 5 0
2077142491 1 1 1 0
2077143789 0 1 1 0
2077144754 11 0 1 0
2077147132 10 0 1 0
2077948902 4 1 5 1
2077977427 0 1 1 1
2077997219 1 1 1 1
2078046033 11 0 1 1
2078062287 10 0 1 1
2078650582 4 1 5 0
2078651893 1 1 1 0
2078652905 0 1 1 0
2078654156 11 0 1 0
2078656248 10 0 1 0
2079458304 4 1 5 1
2079485659 0 1 1 1
2079517004 1 1 1 1
2079570519 10 0 1 1
2079653769 11 0 1 1
2079992944 4 1 5 0
2079994255 1 1 1 0
2079995069 0 1 1 0
2079995978 11 0 1 0
2079998412 10 0 1 0
2080800666 4 1 5 1
2080827301 0 1 1 1
2080852119 1 1 1 1
2080903830 11 0 1 1
2080912161 10 0 1 1
2081250796 4 1 5 0
2081252283 1 1 1 0
2081252855 0 1 1 0
2081254456 11 0 1 0
2081256198 10 0 1 0
2082058518 4 1 5 1
2082084793 0 1 1 1
2082169653 10 0 1 1
2082528088 4 1 5 0
2082529663 0 1 1 0
2082533006 10 0 1 0
