2000051703 5 1 2 1
2000051703 7 1 1 1
2000051793 5 1 1 1
2000051793 7 1 2 1
2000056383 7 1 1 0
2000056383 5 1 2 0
2000056473 5 1 1 0
2000056473 7 1 2 0
2000060996 7 1 1 1
2000060996 5 1 2 1
2000061086 5 1 1 1
2000061086 7 1 2 1
2000064303 7 1 1 0
2000065743 5 1 2 0
2000065833 5 1 1 0
2000065833 7 1 2 0
2000070356 5 1 2 1
2000070446 7 1 2 1
2000075103 5 1 2 0
2000075193 7 1 2 0
2000079806 7 1 2 1
2000084553 7 1 2 0
2000089166 7 1 2 1
2000093913 7 1 2 0
2000568123 48 1 4 1
2000572038 48 1 4 0
2000577731 48 1 4 1
2000581668 48 1 4 0
2000581883 38 1 5 1
2000585281 38 1 5 0
2000587451 48 1 4 1
2000589984 38 1 5 1
2000591388 48 1 4 0
2000592108 49 1 4 1
2000595541 38 1 5 0
2000597081 48 1 4 1
2000597508 49 1 4 0
2000599794 38 1 5 1
2000601018 48 1 4 0
2000601311 49 1 4 1
2000605171 38 1 5 0
2000606801 48 1 4 1
2000607228 49 1 4 0
2000609514 38 1 5 1
2000610738 48 1 4 0
2000611121 49 1 4 1
2000613371 48 1 4 1
2000613618 49 1 4 0
2000617691 49 1 4 1
2000617848 48 1 4 0
2000619301 38 1 5 0
2000623518 49 1 4 0
2000623541 48 1 4 1
2000625534 38 1 5 1
2000628908 39 1 5 1
2000630291 49 1 4 1
2000630358 48 1 4 0
2000634511 38 1 5 0
2000635421 48 1 4 1
2000635578 49 1 4 0
2000638314 38 1 5 1
2000642598 48 1 4 0
2000642621 49 1 4 1
2000643691 39 1 5 0
2000648371 38 1 5 0
2000648394 39 1 5 1
2000649011 48 1 4 1
2000649078 49 1 4 0
2000651814 38 1 5 1
2000652881 49 1 4 1
2000652948 48 1 4 0
2000657281 38 1 5 0
2000658731 48 1 4 1
2000658798 49 1 4 0
2000659261 39 1 5 0
2000660724 38 1 5 1
2000662074 39 1 5 1
2000662691 49 1 4 1
2000662758 48 1 4 0
2000665391 48 1 4 1
2000665458 49 1 4 0
2000669531 49 1 4 1
2000669598 48 1 4 0
2000671501 39 1 5 0
2000673121 38 1 5 0
2000674944 39 1 5 1
2000675291 48 1 4 1
2000675358 49 1 4 0
2000677374 38 1 5 1
2000682131 49 1 4 1
2000682198 48 1 4 0
2000684911 39 1 5 0
2000687261 48 1 4 1
2000687328 49 1 4 0
2000694371 49 1 4 1
2000694438 48 1 4 0
2000696071 38 1 5 0
2000700414 38 1 5 1
2000700851 48 1 4 1
2000700918 49 1 4 0
2000704721 49 1 4 1
2000704788 48 1 4 0
2000709108 49 1 4 0
2000710571 48 1 4 1
2000711461 38 1 5 0
2000713914 38 1 5 1
2000714598 48 1 4 0
2000717231 48 1 4 1
2000721438 48 1 4 0
2000723341 38 1 5 0
2000727054 38 1 5 1
2000727131 48 1 4 1
2000734038 48 1 4 0
2000736301 38 1 5 0
2000739101 48 1 4 1
2000740104 38 1 5 1
2000746278 48 1 4 0
2000750701 38 1 5 0
2000752691 48 1 4 1
2000755098 48 1 4 0
2001075639 7 1 1 1
2001075690 5 1 1 1
2001075765 7 1 2 1
2001075819 5 1 2 1
2001079989 7 1 1 0
2001080083 5 1 1 0
2001080085 7 1 2 0
2001080175 5 1 2 0
2001084602 7 1 1 1
2001084696 5 1 1 1
2001084698 7 1 2 1
2001084788 5 1 2 1
2001089353 7 1 1 0
2001089439 5 1 1 0
2001089445 7 1 2 0
2001089535 5 1 2 0
2001093966 7 1 1 1
2001094052 5 1 1 1
2001094058 7 1 2 1
2001094148 5 1 2 1
2001098709 7 1 1 0
2001098799 5 1 1 0
2001098805 7 1 2 0
2001098895 5 1 2 0
2001103322 7 1 1 1
2001103412 5 1 1 1
2001103418 7 1 2 1
2001103508 5 1 2 1
2001108069 7 1 1 0
2001108159 5 1 1 0
2001108165 7 1 2 0
2001108255 5 1 2 0
2001112682 7 1 1 1
2001112772 5 1 1 1
2001112778 7 1 2 1
2001112868 5 1 2 1
2001117429 7 1 1 0
2001117519 5 1 1 0
2001117525 7 1 2 0
2001117615 5 1 2 0
2001122042 7 1 1 1
2001122132 5 1 1 1
2001122138 7 1 2 1
2001122228 5 1 2 1
2001126789 7 1 1 0
2001126879 5 1 1 0
2001126885 7 1 2 0
2001126975 5 1 2 0
2001131402 5 1 1 1
2001131492 7 1 1 1
2001131498 7 1 2 1
2001131588 5 1 2 1
2001136153 5 1 1 0
2001136243 7 1 1 0
2001136245 7 1 2 0
2001136335 5 1 2 0
2001140766 7 1 1 1
2001140856 5 1 1 1
2001140858 7 1 2 1
2001140948 5 1 2 1
2001145509 7 1 1 0
2001145603 5 1 1 0
2001145605 7 1 2 0
2001145695 5 1 2 0
2001150122 7 1 1 1
2001150216 5 1 1 1
2001150218 7 1 2 1
2001150308 5 1 2 1
2001154869 7 1 1 0
2001154963 5 1 1 0
2001154965 7 1 2 0
2001155055 5 1 2 0
2001159482 7 1 1 1
2001159576 5 1 1 1
2001159578 7 1 2 1
2001159668 5 1 2 1
2001164229 7 1 1 0
2001164319 5 1 1 0
2001164325 7 1 2 0
2001164415 5 1 2 0
2001168842 7 1 1 1
2001168932 5 1 1 1
2001168938 7 1 2 1
2001169028 5 1 2 1
2001173589 7 1 1 0
2001173679 5 1 1 0
2001173685 7 1 2 0
2001173775 5 1 2 0
2001178202 7 1 1 1
2001178292 5 1 1 1
2001178298 7 1 2 1
2001178388 5 1 2 1
2001182949 7 1 1 0
2001183039 5 1 1 0
2001183045 7 1 2 0
2001183135 5 1 2 0
2001187562 5 1 1 1
2001187652 7 1 1 1
2001187658 7 1 2 1
2001187748 5 1 2 1
2001192309 5 1 1 0
2001192399 7 1 1 0
2001192405 7 1 2 0
2001192495 5 1 2 0
2001196922 5 1 1 1
2001197012 7 1 1 1
2001197018 7 1 2 1
2001197108 5 1 2 1
2001201669 5 1 1 0
2001201759 7 1 1 0
2001201765 7 1 2 0
2001201855 5 1 2 0
2001206282 5 1 1 1
2001206372 7 1 1 1
2001206378 7 1 2 1
2001206468 5 1 2 1
2001208605 7 1 2 0
2001211029 5 1 1 0
2001211119 7 1 1 0
2001211215 5 1 2 0
2001215732 5 1 1 1
2001220479 5 1 1 0
2001584214 48 1 4 1
2001588168 48 1 4 0
2001593861 48 1 4 1
2001597888 48 1 4 0
2001600809 38 1 5 1
2001603581 48 1 4 1
2001603841 38 1 5 0
2001606744 38 1 5 1
2001607518 48 1 4 0
2001611709 49 1 4 1
2001611761 38 1 5 0
2001613121 48 1 4 1
2001615834 38 1 5 1
2001615978 49 1 4 0
2001617058 48 1 4 0
2001619871 49 1 4 1
2001621211 38 1 5 0
2001622661 48 1 4 1
2001625374 38 1 5 1
2001625788 49 1 4 0
2001626598 48 1 4 0
2001629591 48 1 4 1
2001632291 49 1 4 1
2001634428 48 1 4 0
2001635521 38 1 5 0
2001638118 49 1 4 0
2001640121 48 1 4 1
2001642024 38 1 5 1
2001644711 49 1 4 1
2001645484 37 1 2 1
2001646758 48 1 4 0
2001650628 49 1 4 0
2001651001 38 1 5 0
2001652361 48 1 4 1
2001654164 37 1 2 0
2001655074 38 1 5 1
2001657221 49 1 4 1
2001658417 37 1 2 1
2001658998 48 1 4 0
2001663151 38 1 5 0
2001664038 49 1 4 0
2001664691 48 1 4 1
2001666494 37 1 2 0
2001666954 38 1 5 1
2001669371 49 1 4 1
2001669528 48 1 4 0
2001670297 37 1 2 1
2001674131 38 1 5 0
2001676098 49 1 4 0
2001676121 48 1 4 1
2001677394 38 1 5 1
2001677474 37 1 2 0
2001679784 39 1 5 1
2001680737 37 1 2 1
2001683231 49 1 4 1
2001683298 48 1 4 0
2001687361 38 1 5 0
2001688801 39 1 5 0
2001690704 37 1 2 0
2001691061 48 1 4 1
2001691074 38 1 5 1
2001691128 49 1 4 0
2001693324 39 1 5 1
2001694417 37 1 2 1
2001697721 49 1 4 1
2001697788 48 1 4 0
2001701041 38 1 5 0
2001703391 48 1 4 1
2001703458 49 1 4 0
2001704384 37 1 2 0
2001705204 38 1 5 1
2001708547 37 1 2 1
2001710051 49 1 4 1
2001710118 48 1 4 0
2001711301 39 1 5 0
2001715811 48 1 4 1
2001715878 49 1 4 0
2001716814 39 1 5 1
2001721211 49 1 4 1
2001721278 48 1 4 0
2001722281 38 1 5 0
2001725624 37 1 2 0
2001727871 48 1 4 1
2001727938 49 1 4 0
2001728784 38 1 5 1
2001728851 39 1 5 0
2001731214 39 1 5 1
2001732127 37 1 2 1
2001735071 49 1 4 1
2001735138 48 1 4 0
2001738661 39 1 5 0
2001741631 38 1 5 0
2001741834 39 1 5 1
2001742901 48 1 4 1
2001742968 49 1 4 0
2001744974 37 1 2 0
2001745614 38 1 5 1
2001748957 37 1 2 1
2001749561 49 1 4 1
2001749628 48 1 4 0
2001752521 39 1 5 0
2001755231 48 1 4 1
2001755298 49 1 4 0
2001756149 41 1 5 1
2001756239 40 1 5 1
2001756774 39 1 5 1
2001758821 40 1 5 0
2001758911 41 1 5 0
2001761891 49 1 4 1
2001761958 48 1 4 0
2001763164 40 1 5 1
2001763254 41 1 5 1
2001763501 38 1 5 0
2001766844 37 1 2 0
2001767371 39 1 5 0
2001767394 38 1 5 1
2001767651 48 1 4 1
2001767718 49 1 4 0
2001770737 37 1 2 1
2001770814 39 1 5 1
2001771601 40 1 5 0
2001771871 41 1 5 0
2001773051 49 1 4 1
2001773118 48 1 4 0
2001775134 40 1 5 1
2001775314 41 1 5 1
2001777181 38 1 5 0
2001779711 48 1 4 1
2001779778 49 1 4 0
2001780524 37 1 2 0
2001781704 38 1 5 1
2001783818 37 1 3 1
2001785047 37 1 2 1
2001785461 40 1 5 0
2001785551 41 1 5 0
2001786911 49 1 4 1
2001786978 48 1 4 0
2001788341 39 1 5 0
2001788994 40 1 5 1
2001789084 41 1 5 1
2001790604 37 1 3 0
2001792571 38 1 5 0
2001794741 48 1 4 1
2001794808 49 1 4 0
2001795024 38 1 5 1
2001795114 39 1 5 1
2001795914 37 1 2 0
2001798367 37 1 2 1
2001798457 37 1 3 1
2001800491 40 1 5 0
2001800581 41 1 5 0
2001801401 49 1 4 1
2001801468 48 1 4 0
2001803754 40 1 5 1
2001803844 41 1 5 1
2001804091 38 1 5 0
2001807071 48 1 4 1
2001807138 49 1 4 0
2001807434 37 1 2 0
2001808254 38 1 5 1
2001811597 37 1 2 1
2001812821 40 1 5 0
2001812911 41 1 5 0
2001813731 49 1 4 1
2001813798 48 1 4 0
2001814981 39 1 5 0
2001816084 40 1 5 1
2001816174 41 1 5 1
2001817694 37 1 3 0
2001819491 48 1 4 1
2001819558 49 1 4 0
2001820494 39 1 5 1
2001823837 37 1 3 1
2001824891 49 1 4 1
2001824958 48 1 4 0
2001825241 41 1 5 0
2001825331 40 1 5 0
2001825961 38 1 5 0
2001827874 41 1 5 1
2001827964 40 1 5 1
2001829304 37 1 2 0
2001831551 48 1 4 1
2001831618 49 1 4 0
2001832464 38 1 5 1
2001832531 39 1 5 0
2001834894 39 1 5 1
2001835807 37 1 2 1
2001835874 37 1 3 0
2001837301 41 1 5 0
2001837391 40 1 5 0
2001838237 37 1 3 1
2001838751 49 1 4 1
2001838818 48 1 4 0
2001840834 41 1 5 1
2001840924 40 1 5 1
2001842161 39 1 5 0
2001845334 39 1 5 1
2001845401 38 1 5 0
2001845504 37 1 3 0
2001846581 48 1 4 1
2001846648 49 1 4 0
2001848744 37 1 2 0
2001849384 38 1 5 1
2001852331 40 1 5 0
2001852421 41 1 5 0
2001852727 37 1 2 1
2001853241 49 1 4 1
2001853308 48 1 4 0
2001855594 40 1 5 1
2001855684 41 1 5 1
2001856111 39 1 5 0
2001858911 48 1 4 1
2001858978 49 1 4 0
2001860364 39 1 5 1
2001864661 41 1 5 0
2001864751 40 1 5 0
2001865571 49 1 4 1
2001865638 48 1 4 0
2001867091 38 1 5 0
2001867834 41 1 5 1
2001868104 40 1 5 1
2001870434 37 1 2 0
2001870984 38 1 5 1
2001871051 39 1 5 0
2001871331 48 1 4 1
2001871398 49 1 4 0
2001874327 37 1 2 1
2001874494 39 1 5 1
2001874921 41 1 5 0
2001876731 49 1 4 1
2001876798 48 1 4 0
2001877171 40 1 5 0
2001879714 40 1 5 1
2001879961 38 1 5 0
2001883304 37 1 2 0
2001883391 48 1 4 1
2001883458 49 1 4 0
2001884484 38 1 5 1
2001887827 37 1 2 1
2001889141 40 1 5 0
2001890591 49 1 4 1
2001890658 48 1 4 0
2001891751 39 1 5 0
2001898164 39 1 5 1
2001898321 38 1 5 0
2001898421 48 1 4 1
2001898488 49 1 4 0
2001901494 38 1 5 1
2001901664 37 1 2 0
2001904837 37 1 2 1
2001905081 49 1 4 1
2001905148 48 1 4 0
2001908491 38 1 5 0
2001910751 48 1 4 1
2001910818 49 1 4 0
2001911641 39 1 5 0
2001911834 37 1 2 0
2001911934 38 1 5 1
2001914094 39 1 5 1
2001915277 37 1 2 1
2001917411 49 1 4 1
2001917478 48 1 4 0
2001920821 39 1 5 0
2001923171 48 1 4 1
2001923238 49 1 4 0
2001924174 39 1 5 1
2001928571 49 1 4 1
2001928638 48 1 4 0
2001929641 38 1 5 0
2001932984 37 1 2 0
2001935231 48 1 4 1
2001935298 49 1 4 0
2001936144 38 1 5 1
2001936211 39 1 5 0
2001938574 39 1 5 1
2001939487 37 1 2 1
2001942431 49 1 4 1
2001942498 48 1 4 0
2001945841 39 1 5 0
2001949081 38 1 5 0
2001950261 48 1 4 1
2001950328 49 1 4 0
2001952424 37 1 2 0
2001953064 38 1 5 1
2001956407 37 1 2 1
2001956921 49 1 4 1
2001956988 48 1 4 0
2001962591 48 1 4 1
2001962658 49 1 4 0
2001969251 49 1 4 1
2001969318 48 1 4 0
2001970771 38 1 5 0
2001974114 37 1 2 0
2001974664 38 1 5 1
2001975011 48 1 4 1
2001975078 49 1 4 0
2001978007 37 1 2 1
2001980478 48 1 4 0
2001983641 38 1 5 0
2001986984 37 1 2 0
2001987071 48 1 4 1
2001988164 38 1 5 1
2001991507 37 1 2 1
2001994338 48 1 4 0
2002001911 38 1 5 0
2002002101 48 1 4 1
2002005254 37 1 2 0
2002005444 38 1 5 1
2002008787 37 1 2 1
2002008828 48 1 4 0
2002012171 38 1 5 0
2002014431 48 1 4 1
2002015254 38 1 5 1
2002015514 37 1 2 0
2002018597 37 1 2 1
2002021158 48 1 4 0
2002026851 48 1 4 1
2002029258 48 1 4 0
2002030261 38 1 5 0
2002033604 37 1 2 0
2002036764 38 1 5 1
2002039711 38 1 5 0
2002040107 37 1 2 1
2002043054 37 1 2 0
2002104431 7 1 1 1
2002104531 5 1 1 1
2002107543 5 1 2 1
2002108199 7 1 2 1
2002108590 7 1 1 0
2002108680 5 1 1 0
2002111565 5 1 2 0
2002112195 7 1 2 0
2002113203 7 1 1 1
2002113293 5 1 1 1
2002116268 5 1 2 1
2002116718 7 1 2 1
2002117950 7 1 1 0
2002118040 5 1 1 0
2002121015 5 1 2 0
2002121465 7 1 2 0
2002122563 7 1 1 1
2002122653 5 1 1 1
2002125628 5 1 2 1
2002126078 7 1 2 1
2002127310 7 1 1 0
2002127400 5 1 1 0
2002130375 5 1 2 0
2002130915 7 1 2 0
2002131923 7 1 1 1
2002132013 5 1 1 1
2002135078 5 1 2 1
2002135528 7 1 2 1
2002136670 7 1 1 0
2002136760 5 1 1 0
2002139825 5 1 2 0
2002140275 7 1 2 0
2002141283 7 1 1 1
2002141373 5 1 1 1
2002144438 5 1 2 1
2002144888 7 1 2 1
2002146030 7 1 1 0
2002146210 5 1 1 0
2002149095 5 1 2 0
2002149725 7 1 2 0
2002150733 7 1 1 1
2002150823 5 1 1 1
2002153708 5 1 2 1
2002154338 7 1 2 1
2002155480 5 1 1 0
2002155570 7 1 1 0
2002158725 7 1 2 0
2002158995 5 1 2 0
2002160093 5 1 1 1
2002160183 7 1 1 1
2002162978 7 1 2 1
2002164148 5 1 2 1
2002164840 5 1 1 0
2002164930 7 1 1 0
2002167725 7 1 2 0
2002168895 5 1 2 0
2002169453 5 1 1 1
2002169543 7 1 1 1
2002172338 7 1 2 1
2002173508 5 1 2 1
2002174200 5 1 1 0
2002174290 7 1 1 0
2002177085 7 1 2 0
2002178165 5 1 2 0
2002178813 5 1 1 1
2002178903 7 1 1 1
2002181608 7 1 2 1
2002182778 5 1 2 1
2002183560 5 1 1 0
2002183650 7 1 1 0
2002186355 7 1 2 0
2002187525 5 1 2 0
2002188173 5 1 1 1
2002188263 7 1 1 1
2002190968 7 1 2 1
2002192138 5 1 2 1
2002192920 5 1 1 0
2002193010 7 1 1 0
2002195715 7 1 2 0
2002196885 5 1 2 0
2002197443 5 1 1 1
2002197713 7 1 1 1
2002200148 7 1 2 1
2002201678 5 1 2 1
2002202190 5 1 1 0
2002202460 7 1 1 0
2002204895 7 1 2 0
2002206893 5 1 1 1
2002206983 7 1 1 1
2002207235 5 1 2 0
2002208670 7 1 1 0
2002210318 7 1 2 1
2002211640 5 1 1 0
2002211645 7 1 2 0
2002211848 5 1 2 1
2002214435 5 1 2 0
2002599855 48 1 4 1
2002603848 48 1 4 0
2002609361 48 1 4 1
2002613388 48 1 4 0
2002618901 48 1 4 1
2002620770 38 1 5 1
2002622928 48 1 4 0
2002625505 49 1 4 1
2002626991 38 1 5 0
2002628621 48 1 4 1
2002629678 49 1 4 0
2002631244 38 1 5 1
2002632648 48 1 4 0
2002633571 49 1 4 1
2002636891 38 1 5 0
2002638251 48 1 4 1
2002639398 49 1 4 0
2002640964 38 1 5 1
2002642188 48 1 4 0
2002643291 49 1 4 1
2002645451 48 1 4 1
2002645968 49 1 4 0
2002646341 38 1 5 0
2002648704 38 1 5 1
2002650401 49 1 4 1
2002650558 48 1 4 0
2002654711 38 1 5 0
2002656048 49 1 4 0
2002656071 48 1 4 1
2002658784 38 1 5 1
2002662641 49 1 4 1
2002662798 48 1 4 0
2002662835 37 1 2 1
2002666951 38 1 5 0
2002668288 49 1 4 0
2002668311 48 1 4 1
2002670114 37 1 2 0
2002671024 38 1 5 1
2002674367 37 1 2 1
2002674791 49 1 4 1
2002674948 48 1 4 0
2002679191 38 1 5 0
2002680618 49 1 4 0
2002680641 48 1 4 1
2002682534 37 1 2 0
2002683354 38 1 5 1
2002684781 49 1 4 1
2002684848 48 1 4 0
2002686697 37 1 2 1
2002688630 39 1 5 1
2002689091 38 1 5 0
2002689721 39 1 5 0
2002690451 48 1 4 1
2002690518 49 1 4 0
2002691634 38 1 5 1
2002692434 37 1 2 0
2002694411 49 1 4 1
2002694478 48 1 4 0
2002694750 39 1 5 1
2002694977 37 1 2 1
2002697741 48 1 4 1
2002697808 49 1 4 0
2002698721 38 1 5 0
2002701084 38 1 5 1
2002702064 37 1 2 0
2002702241 49 1 4 1
2002702308 48 1 4 0
2002704211 39 1 5 0
2002704427 37 1 2 1
2002707821 48 1 4 1
2002707888 49 1 4 0
2002708441 38 1 5 0
2002709184 39 1 5 1
2002711074 38 1 5 1
2002711784 37 1 2 0
2002714417 37 1 2 1
2002714481 49 1 4 1
2002714548 48 1 4 0
2002718701 38 1 5 0
2002720061 48 1 4 1
2002720128 49 1 4 0
2002721874 38 1 5 1
2002722044 37 1 2 0
2002725217 37 1 2 1
2002726631 49 1 4 1
2002726698 48 1 4 0
2002727701 39 1 5 0
2002731504 39 1 5 1
2002731571 38 1 5 0
2002732391 48 1 4 1
2002732458 49 1 4 0
2002733934 38 1 5 1
2002734914 37 1 2 0
2002736621 49 1 4 1
2002736688 48 1 4 0
2002737277 37 1 2 1
2002739041 39 1 5 0
2002741201 38 1 5 0
2002742214 39 1 5 1
2002742291 48 1 4 1
2002742358 49 1 4 0
2002744544 37 1 2 0
2002745094 38 1 5 1
2002746251 49 1 4 1
2002746318 48 1 4 0
2002748437 37 1 2 1
2002749571 39 1 5 0
2002749581 48 1 4 1
2002749648 49 1 4 0
2002752834 39 1 5 1
2002754081 49 1 4 1
2002754148 48 1 4 0
2002757941 38 1 5 0
2002759661 48 1 4 1
2002759728 49 1 4 0
2002761284 37 1 2 0
2002762194 38 1 5 1
2002765537 37 1 2 1
2002766321 49 1 4 1
2002766388 48 1 4 0
2002768201 39 1 5 0
2002771901 48 1 4 1
2002771968 49 1 4 0
2002773354 39 1 5 1
2002778471 49 1 4 1
2002778538 48 1 4 0
2002780171 38 1 5 0
2002781285 40 1 5 1
2002781375 41 1 5 1
2002783514 37 1 2 0
2002784221 39 1 5 0
2002784231 48 1 4 1
2002784298 49 1 4 0
2002784334 38 1 5 1
2002786944 39 1 5 1
2002787677 37 1 2 1
2002787821 40 1 5 0
2002787911 41 1 5 0
2002788461 49 1 4 1
2002788528 48 1 4 0
2002790994 41 1 5 1
2002790994 40 1 5 1
2002792321 38 1 5 0
2002793851 39 1 5 0
2002794131 48 1 4 1
2002794198 49 1 4 0
2002795664 37 1 2 0
2002796124 38 1 5 1
2002796214 39 1 5 1
2002798091 49 1 4 1
2002798158 48 1 4 0
2002799467 37 1 2 1
2002801421 48 1 4 1
2002801488 49 1 4 0
2002803211 41 1 5 0
2002803301 40 1 5 0
2002805800 37 1 3 1
2002805921 49 1 4 1
2002805988 48 1 4 0
2002807171 39 1 5 0
2002807374 41 1 5 1
2002807464 40 1 5 1
2002809434 37 1 3 0
2002811041 38 1 5 0
2002811501 48 1 4 1
2002811568 49 1 4 0
2002812144 39 1 5 1
2002814384 37 1 2 0
2002814844 38 1 5 1
2002816060 37 1 3 1
2002817251 41 1 5 0
2002817341 40 1 5 0
2002818161 49 1 4 1
2002818187 37 1 2 1
2002818228 48 1 4 0
2002820514 40 1 5 1
2002820604 41 1 5 1
2002821571 38 1 5 0
2002823741 48 1 4 1
2002823808 49 1 4 0
2002824744 38 1 5 1
2002824914 37 1 2 0
2002828087 37 1 2 1
2002829491 40 1 5 0
2002829581 41 1 5 0
2002830311 49 1 4 1
2002830378 48 1 4 0
2002831381 39 1 5 0
2002832754 41 1 5 1
2002832754 40 1 5 1
2002834184 37 1 3 0
2002835184 39 1 5 1
2002835251 38 1 5 0
2002836071 48 1 4 1
2002836138 49 1 4 0
2002837614 38 1 5 1
2002838594 37 1 2 0
2002840301 49 1 4 1
2002840368 48 1 4 0
2002840957 37 1 2 1
2002842181 39 1 5 0
2002845151 38 1 5 0
2002845354 39 1 5 1
2002845971 48 1 4 1
2002846038 49 1 4 0
2002847491 40 1 5 0
2002847581 41 1 5 0
2002848494 37 1 2 0
2002849044 38 1 5 1
2002849931 49 1 4 1
2002849998 48 1 4 0
2002851564 40 1 5 1
2002852387 37 1 2 1
2002853071 39 1 5 0
2002853261 48 1 4 1
2002853328 49 1 4 0
2002856334 39 1 5 1
2002857761 49 1 4 1
2002857828 48 1 4 0
2002860901 38 1 5 0
2002863341 48 1 4 1
2002863408 49 1 4 0
2002864244 37 1 2 0
2002864681 40 1 5 0
2002865154 38 1 5 1
2002868497 37 1 2 1
2002870001 49 1 4 1
2002870068 48 1 4 0
2002871881 39 1 5 0
2002875581 48 1 4 1
2002875648 49 1 4 0
2002877034 39 1 5 1
2002882151 49 1 4 1
2002882218 48 1 4 0
2002883671 38 1 5 0
2002887014 37 1 2 0
2002887834 38 1 5 1
2002887901 39 1 5 0
2002887911 48 1 4 1
2002887978 49 1 4 0
2002890624 39 1 5 1
2002891177 37 1 2 1
2002892141 49 1 4 1
2002892208 48 1 4 0
2002895821 38 1 5 0
2002897811 48 1 4 1
2002897878 49 1 4 0
2002898791 39 1 5 0
2002899164 37 1 2 0
2002899624 38 1 5 1
2002901154 39 1 5 1
2002901771 49 1 4 1
2002901838 48 1 4 0
2002902967 37 1 2 1
2002905101 48 1 4 1
2002905168 49 1 4 0
2002905181 39 1 5 0
2002908444 39 1 5 1
2002909601 49 1 4 1
2002909668 48 1 4 0
2002914721 38 1 5 0
2002915181 48 1 4 1
2002915248 49 1 4 0
2002918064 37 1 2 0
2002918524 38 1 5 1
2002921841 49 1 4 1
2002921867 37 1 2 1
2002921908 48 1 4 0
2002925251 38 1 5 0
2002926781 39 1 5 0
2002927421 48 1 4 1
2002927488 49 1 4 0
2002928424 38 1 5 1
2002928594 37 1 2 0
2002931767 37 1 2 1
2002933991 49 1 4 1
2002934058 48 1 4 0
2002938931 38 1 5 0
2002939751 48 1 4 1
2002939818 49 1 4 0
2002941294 38 1 5 1
2002942274 37 1 2 0
2002943981 49 1 4 1
2002944048 48 1 4 0
2002944637 37 1 2 1
2002948831 38 1 5 0
2002949651 48 1 4 1
2002949718 49 1 4 0
2002952174 37 1 2 0
2002952724 38 1 5 1
2002953611 49 1 4 1
2002953678 48 1 4 0
2002955388 49 1 4 0
2002956067 37 1 2 1
2002956941 48 1 4 1
2002961508 48 1 4 0
2002964581 38 1 5 0
2002967021 48 1 4 1
2002967924 37 1 2 0
2002968834 38 1 5 1
2002972177 37 1 2 1
2002973748 48 1 4 0
2002979261 48 1 4 1
2002985898 48 1 4 0
2002987351 38 1 5 0
2002990694 37 1 2 0
2002991514 38 1 5 1
2002991591 48 1 4 1
2002994857 37 1 2 1
2002995888 48 1 4 0
2002998601 38 1 5 0
2003001491 48 1 4 1
2003001944 37 1 2 0
2003002404 38 1 5 1
2003003898 48 1 4 0
2003005747 37 1 2 1
2003010571 38 1 5 0
2003013914 37 1 2 0
2003614893 48 1 4 1
2003618988 48 1 4 0
2003624411 48 1 4 1
2003628618 48 1 4 0
2003633703 49 1 4 1
2003634041 48 1 4 1
2003637978 49 1 4 0
2003638158 48 1 4 0
2003641961 49 1 4 1
2003643491 48 1 4 1
2003644943 38 1 5 1
2003647518 49 1 4 0
2003647608 48 1 4 0
2003651581 38 1 5 0
2003651591 49 1 4 1
2003652941 48 1 4 1
2003655564 38 1 5 1
2003657058 48 1 4 0
2003657148 49 1 4 0
2003661131 48 1 4 1
2003661481 38 1 5 0
2003664191 49 1 4 1
2003664294 38 1 5 1
2003667318 48 1 4 0
2003669748 49 1 4 0
2003671651 38 1 5 0
2003672741 48 1 4 1
2003675454 38 1 5 1
2003676881 49 1 4 1
2003680008 48 1 4 0
2003682438 49 1 4 0
2003684431 38 1 5 0
2003685521 48 1 4 1
2003686511 49 1 4 1
2003688234 38 1 5 1
2003690268 48 1 4 0
2003690653 37 1 2 1
2003691258 49 1 4 0
2003694521 49 1 4 1
2003694601 38 1 5 0
2003696321 48 1 4 1
2003697584 37 1 2 0
2003698854 38 1 5 1
2003699358 49 1 4 0
2003701068 48 1 4 0
2003701643 39 1 5 1
2003702197 37 1 2 1
2003703431 49 1 4 1
2003705491 38 1 5 0
2003705671 39 1 5 0
2003707031 48 1 4 1
2003708664 39 1 5 1
2003708834 37 1 2 0
2003708988 49 1 4 0
2003709654 38 1 5 1
2003711778 48 1 4 0
2003712997 37 1 2 1
2003714411 48 1 4 1
2003716031 49 1 4 1
2003717808 48 1 4 0
2003719531 38 1 5 0
2003720791 39 1 5 0
2003722164 38 1 5 1
2003722421 48 1 4 1
2003722578 49 1 4 0
2003722874 37 1 2 0
2003725044 39 1 5 1
2003725507 37 1 2 1
2003729688 48 1 4 0
2003729711 49 1 4 1
2003732941 38 1 5 0
2003735111 48 1 4 1
2003735268 49 1 4 0
2003736284 37 1 2 0
2003736924 38 1 5 1
2003739858 48 1 4 0
2003739881 49 1 4 1
2003740267 37 1 2 1
2003741041 39 1 5 0
2003744471 48 1 4 1
2003744628 49 1 4 0
2003745294 39 1 5 1
2003745361 38 1 5 0
2003747814 38 1 5 1
2003748704 37 1 2 0
2003749038 48 1 4 0
2003749061 49 1 4 1
2003751157 37 1 2 1
2003752741 39 1 5 0
2003753651 48 1 4 1
2003753808 49 1 4 0
2003756004 39 1 5 1
2003756148 48 1 4 0
2003756171 49 1 4 1
2003758501 38 1 5 0
2003759771 48 1 4 1
2003759838 49 1 4 0
2003761844 37 1 2 0
2003762484 38 1 5 1
2003764811 49 1 4 1
2003764968 48 1 4 0
2003765827 37 1 2 1
2003767501 39 1 5 0
2003772258 49 1 4 0
2003772281 48 1 4 1
2003772721 38 1 5 0
2003772834 39 1 5 1
2003775444 38 1 5 1
2003776064 37 1 2 0
2003778787 37 1 2 1
2003781461 49 1 4 1
2003781528 48 1 4 0
2003785298 41 1 5 1
2003785388 40 1 5 1
2003785951 39 1 5 0
2003786951 48 1 4 1
2003787018 49 1 4 0
2003789304 39 1 5 1
2003790361 40 1 5 0
2003790451 41 1 5 0
2003791631 49 1 4 1
2003791698 48 1 4 0
2003792881 38 1 5 0
2003793804 40 1 5 1
2003793894 41 1 5 1
2003796224 37 1 2 0
2003796311 48 1 4 1
2003796378 49 1 4 0
2003798394 38 1 5 1
2003800811 49 1 4 1
2003800878 48 1 4 0
2003801737 37 1 2 1
2003802871 39 1 5 0
2003805491 48 1 4 1
2003805648 49 1 4 0
2003806831 40 1 5 0
2003806921 41 1 5 0
2003806944 39 1 5 1
2003807988 48 1 4 0
2003808011 49 1 4 1
2003809981 38 1 5 0
2003810274 41 1 5 1
2003810274 40 1 5 1
2003811611 48 1 4 1
2003811678 49 1 4 0
2003813324 37 1 2 0
2003814504 38 1 5 1
2003816651 49 1 4 1
2003816718 48 1 4 0
2003817361 41 1 5 0
2003817451 40 1 5 0
2003817847 37 1 2 1
2003819814 41 1 5 1
2003819904 40 1 5 1
2003821321 39 1 5 0
2003824031 48 1 4 1
2003824098 49 1 4 0
2003824381 38 1 5 0
2003826564 39 1 5 1
2003827374 38 1 5 1
2003827724 37 1 2 0
2003829781 41 1 5 0
2003829871 40 1 5 0
2003830717 37 1 2 1
2003833301 49 1 4 1
2003833368 48 1 4 0
2003834394 40 1 5 1
2003834394 41 1 5 1
2003836711 38 1 5 0
2003838791 48 1 4 1
2003838858 49 1 4 0
2003839974 38 1 5 1
2003840054 37 1 2 0
2003840401 41 1 5 0
2003840851 40 1 5 0
2003843317 37 1 2 1
2003843471 49 1 4 1
2003843538 48 1 4 0
2003844721 39 1 5 0
2003848151 48 1 4 1
2003848218 49 1 4 0
2003848974 39 1 5 1
2003849041 38 1 5 0
2003851494 38 1 5 1
2003852384 37 1 2 0
2003852651 49 1 4 1
2003852718 48 1 4 0
2003854837 37 1 2 1
2003856061 39 1 5 0
2003857331 48 1 4 1
2003857488 49 1 4 0
2003859324 39 1 5 1
2003859828 48 1 4 0
2003859851 49 1 4 1
2003861821 38 1 5 0
2003863451 48 1 4 1
2003863518 49 1 4 0
2003864251 39 1 5 0
2003865164 37 1 2 0
2003865804 38 1 5 1
2003868491 49 1 4 1
2003868558 48 1 4 0
2003869147 37 1 2 1
2003875871 48 1 4 1
2003875938 49 1 4 0
2003876311 38 1 5 0
2003879034 38 1 5 1
2003879654 37 1 2 0
2003882377 37 1 2 1
2003885141 49 1 4 1
2003885208 48 1 4 0
2003890631 48 1 4 1
2003890698 49 1 4 0
2003895311 49 1 4 1
2003895378 48 1 4 0
2003896471 38 1 5 0
2003899814 37 1 2 0
2003899991 48 1 4 1
2003900058 49 1 4 0
2003901984 38 1 5 1
2003904491 49 1 4 1
2003904558 48 1 4 0
2003905327 37 1 2 1
2003909171 48 1 4 1
2003909328 49 1 4 0
2003911668 48 1 4 0
2003911691 49 1 4 1
2003913121 38 1 5 0
2003915291 48 1 4 1
2003915358 49 1 4 0
2003916464 37 1 2 0
2003917644 38 1 5 1
2003920331 49 1 4 1
2003920398 48 1 4 0
2003920987 37 1 2 1
2003927711 48 1 4 1
2003927778 49 1 4 0
2003928061 38 1 5 0
2003931054 38 1 5 1
2003931404 37 1 2 0
2003934397 37 1 2 1
2003937048 48 1 4 0
2003940391 38 1 5 0
2003942471 48 1 4 1
2003943654 38 1 5 1
2003943734 37 1 2 0
2003946997 37 1 2 1
2003947218 48 1 4 0
2003951831 48 1 4 1
2003952721 38 1 5 0
2003955174 38 1 5 1
2003956064 37 1 2 0
2003956398 48 1 4 0
2003958517 37 1 2 1
2003961011 48 1 4 1
2003961451 38 1 5 0
2003963508 48 1 4 0
2003964354 38 1 5 1
2003964794 37 1 2 0
2003966851 38 1 5 0
2003967131 48 1 4 1
2003967697 37 1 2 1
2003970194 37 1 2 0
2003970474 38 1 5 1
2003972238 48 1 4 0
2003973817 37 1 2 1
2003975581 38 1 5 0
2003978924 37 1 2 0
2003979551 48 1 4 1
2003982894 38 1 5 1
2003984928 48 1 4 0
2003988271 38 1 5 0
2004629821 48 1 4 1
2004634128 48 1 4 0
2004639371 48 1 4 1
2004643321 49 1 4 1
2004643668 48 1 4 0
2004647628 49 1 4 0
2004648821 48 1 4 1
2004651791 49 1 4 1
2004653028 48 1 4 0
2004657168 49 1 4 0
2004658181 48 1 4 1
2004661331 49 1 4 1
2004662478 48 1 4 0
2004666708 49 1 4 0
2004667721 48 1 4 1
2004670626 38 1 5 1
2004670871 49 1 4 1
2004672018 48 1 4 0
2004675901 38 1 5 0
2004676248 49 1 4 0
2004676811 48 1 4 1
2004679434 38 1 5 1
2004683831 49 1 4 1
2004684078 48 1 4 0
2004688681 38 1 5 0
2004689208 49 1 4 0
2004689231 48 1 4 1
2004691944 38 1 5 1
2004694721 49 1 4 1
2004694788 48 1 4 0
2004699391 38 1 5 0
2004700031 48 1 4 1
2004700098 49 1 4 0
2004702744 38 1 5 1
2004704261 49 1 4 1
2004704328 48 1 4 0
2004709021 38 1 5 0
2004709481 48 1 4 1
2004709548 49 1 4 0
2004711531 39 1 5 1
2004712284 38 1 5 1
2004713711 49 1 4 1
2004713778 48 1 4 0
2004718201 39 1 5 0
2004718381 38 1 5 0
2004719021 48 1 4 1
2004719088 49 1 4 0
2004721194 39 1 5 1
2004721734 38 1 5 1
2004723251 49 1 4 1
2004723318 48 1 4 0
2004727271 37 1 2 1
2004728011 38 1 5 0
2004728111 48 1 4 1
2004728178 49 1 4 0
2004730634 37 1 2 0
2004731004 38 1 5 1
2004734347 37 1 2 1
2004735761 49 1 4 1
2004735828 48 1 4 0
2004738631 39 1 5 0
2004740341 38 1 5 0
2004740981 48 1 4 1
2004741048 49 1 4 0
2004742164 39 1 5 1
2004743684 37 1 2 0
2004743694 38 1 5 1
2004746561 49 1 4 1
2004746628 48 1 4 0
2004747037 37 1 2 1
2004751871 48 1 4 1
2004751938 49 1 4 0
2004752311 39 1 5 0
2004755214 39 1 5 1
2004756101 49 1 4 1
2004756168 48 1 4 0
2004757711 38 1 5 0
2004761054 37 1 2 0
2004761321 48 1 4 1
2004761388 49 1 4 0
2004763224 38 1 5 1
2004765551 49 1 4 1
2004765618 48 1 4 0
2004766567 37 1 2 1
2004767341 39 1 5 0
2004770861 48 1 4 1
2004770928 49 1 4 0
2004771606 41 1 5 1
2004773664 39 1 5 1
2004774721 41 1 5 0
2004775091 49 1 4 1
2004775158 48 1 4 0
2004777714 41 1 5 1
2004777816 40 1 5 1
2004778231 38 1 5 0
2004779951 48 1 4 1
2004780018 49 1 4 0
2004781574 37 1 2 0
2004781854 38 1 5 1
2004783811 40 1 5 0
2004785197 37 1 2 1
2004785701 41 1 5 0
2004787601 49 1 4 1
2004787668 48 1 4 0
2004788334 40 1 5 1
2004788941 39 1 5 0
2004789504 41 1 5 1
2004792821 48 1 4 1
2004792888 49 1 4 0
2004794184 39 1 5 1
2004798391 40 1 5 0
2004798401 49 1 4 1
2004798468 48 1 4 0
2004798481 41 1 5 0
2004800011 38 1 5 0
2004801204 40 1 5 1
2004801294 41 1 5 1
2004803251 39 1 5 0
2004803354 37 1 2 0
2004803364 38 1 5 1
2004803711 48 1 4 1
2004803778 49 1 4 0
2004806707 37 1 2 1
2004806784 39 1 5 1
2004807941 49 1 4 1
2004808008 48 1 4 0
2004811981 38 1 5 0
2004813161 48 1 4 1
2004813228 49 1 4 0
2004814681 41 1 5 0
2004814771 40 1 5 0
2004815324 37 1 2 0
2004815784 38 1 5 1
2004817391 49 1 4 1
2004817458 48 1 4 0
2004818844 40 1 5 1
2004818934 41 1 5 1
2004819127 37 1 2 1
2004819901 39 1 5 0
2004822701 48 1 4 1
2004822768 49 1 4 0
2004823231 38 1 5 0
2004823884 39 1 5 1
2004826044 38 1 5 1
2004826574 37 1 2 0
2004826931 49 1 4 1
2004826998 48 1 4 0
2004829387 37 1 2 1
2004830341 38 1 5 0
2004831791 48 1 4 1
2004831858 49 1 4 0
2004833311 41 1 5 0
2004833401 40 1 5 0
2004833424 38 1 5 1
2004833684 37 1 2 0
2004836767 37 1 2 1
2004837834 40 1 5 1
2004838104 41 1 5 1
2004839441 49 1 4 1
2004839508 48 1 4 0
2004841771 39 1 5 0
2004844661 48 1 4 1
2004844728 49 1 4 0
2004844741 38 1 5 0
2004845304 39 1 5 1
2004847891 41 1 5 0
2004847981 40 1 5 0
2004848004 38 1 5 1
2004848084 37 1 2 0
2004850241 49 1 4 1
2004850308 48 1 4 0
2004851347 37 1 2 1
2004851874 40 1 5 1
2004851964 41 1 5 1
2004853651 39 1 5 0
2004855551 48 1 4 1
2004855618 49 1 4 0
2004856554 39 1 5 1
2004859781 49 1 4 1
2004859848 48 1 4 0
2004860851 38 1 5 0
2004864194 37 1 2 0
2004865001 48 1 4 1
2004865068 49 1 4 0
2004866364 38 1 5 1
2004866431 41 1 5 0
2004866701 40 1 5 0
2004869231 49 1 4 1
2004869298 48 1 4 0
2004869707 37 1 2 1
2004869874 41 1 5 1
2004870661 39 1 5 0
2004871314 40 1 5 1
2004874541 48 1 4 1
2004874608 49 1 4 0
2004876984 39 1 5 1
2004877861 41 1 5 0
2004878771 49 1 4 1
2004878838 48 1 4 0
2004881281 38 1 5 0
2004883631 48 1 4 1
2004883698 49 1 4 0
2004884624 37 1 2 0
2004884881 40 1 5 0
2004884904 38 1 5 1
2004888247 37 1 2 1
2004891281 49 1 4 1
2004891348 48 1 4 0
2004892621 39 1 5 0
2004896501 48 1 4 1
2004896568 49 1 4 0
2004902081 49 1 4 1
2004902148 48 1 4 0
2004903511 38 1 5 0
2004906854 37 1 2 0
2004906864 38 1 5 1
2004907391 48 1 4 1
2004907458 49 1 4 0
2004910207 37 1 2 1
2004911621 49 1 4 1
2004911688 48 1 4 0
2004914761 38 1 5 0
2004916841 48 1 4 1
2004916908 49 1 4 0
2004918104 37 1 2 0
2004918564 38 1 5 1
2004921071 49 1 4 1
2004921138 48 1 4 0
2004921907 37 1 2 1
2004926381 48 1 4 1
2004926448 49 1 4 0
2004926911 38 1 5 0
2004929724 38 1 5 1
2004930254 37 1 2 0
2004930611 49 1 4 1
2004930678 48 1 4 0
2004933067 37 1 2 1
2004934021 38 1 5 0
2004935471 48 1 4 1
2004935538 49 1 4 0
2004937104 38 1 5 1
2004937364 37 1 2 0
2004940447 37 1 2 1
2004943121 49 1 4 1
2004943188 48 1 4 0
2004948341 48 1 4 1
2004948408 49 1 4 0
2004948421 38 1 5 0
2004951314 37 1 2 0
2004951684 38 1 5 1
2004953921 49 1 4 1
2004953988 48 1 4 0
2004959231 48 1 4 1
2004959298 49 1 4 0
2004963461 49 1 4 1
2004963528 48 1 4 0
2004964531 38 1 5 0
2004968681 48 1 4 1
2004968748 49 1 4 0
2004970044 38 1 5 1
2004972911 49 1 4 1
2004972978 48 1 4 0
2004978221 48 1 4 1
2004978288 49 1 4 0
2004982518 48 1 4 0
2004984961 38 1 5 0
2004987311 48 1 4 1
2004988584 38 1 5 1
2004995028 48 1 4 0
2004999001 38 1 5 0
2005000181 48 1 4 1
2005003524 38 1 5 1
2005005828 48 1 4 0
2005009171 38 1 5 0
2005011071 48 1 4 1
2005014414 38 1 5 1
2005015368 48 1 4 0
2005018711 38 1 5 0
2005020521 48 1 4 1
2005024818 48 1 4 0
2005646055 48 1 4 1
2005650478 48 1 4 0
2005653435 49 1 4 1
2005655451 48 1 4 1
2005657948 49 1 4 0
2005659928 48 1 4 0
2005662291 49 1 4 1
2005664901 48 1 4 1
2005667398 49 1 4 0
2005669378 48 1 4 0
2005671741 49 1 4 1
2005674351 48 1 4 1
2005676848 49 1 4 0
2005678828 48 1 4 0
2005681191 49 1 4 1
2005683801 48 1 4 1
2005686298 49 1 4 0
2005688278 48 1 4 0
2005690641 49 1 4 1
2005693251 48 1 4 1
2005695118 49 1 4 0
2005700315 38 1 5 1
2005701508 48 1 4 0
2005702701 49 1 4 1
2005705031 38 1 5 0
2005707201 48 1 4 1
2005707808 49 1 4 0
2005709194 38 1 5 1
2005712601 49 1 4 1
2005712758 48 1 4 0
2005717721 38 1 5 0
2005717978 49 1 4 0
2005718001 48 1 4 1
2005720894 38 1 5 1
2005722501 49 1 4 1
2005722568 48 1 4 0
2005727621 38 1 5 0
2005727631 48 1 4 1
2005727788 49 1 4 0
2005730524 38 1 5 1
2005730600 39 1 5 1
2005732108 48 1 4 0
2005732131 49 1 4 1
2005736081 39 1 5 0
2005737071 38 1 5 0
2005737081 48 1 4 1
2005737238 49 1 4 0
2005739254 39 1 5 1
2005739974 38 1 5 1
2005741558 48 1 4 0
2005741581 49 1 4 1
2005746171 48 1 4 1
2005746238 49 1 4 0
2005746431 38 1 5 0
2005749154 38 1 5 1
2005753821 49 1 4 1
2005753888 48 1 4 0
2005756061 39 1 5 0
2005758941 38 1 5 0
2005759581 48 1 4 1
2005759648 49 1 4 0
2005759954 39 1 5 1
2005762294 38 1 5 1
2005764441 49 1 4 1
2005764508 48 1 4 0
2005768490 40 1 5 1
2005769561 38 1 5 0
2005769751 48 1 4 1
2005769818 49 1 4 0
2005769920 37 1 2 1
2005770461 39 1 5 0
2005772094 37 1 2 0
2005772554 38 1 5 1
2005772914 39 1 5 1
2005773251 40 1 5 0
2005774341 49 1 4 1
2005774408 48 1 4 0
2005775897 37 1 2 1
2005776095 41 1 5 1
2005776604 40 1 5 1
2005779371 38 1 5 0
2005779471 48 1 4 1
2005779538 49 1 4 0
2005782364 38 1 5 1
2005782534 37 1 2 0
2005783061 41 1 5 0
2005783881 49 1 4 1
2005783948 48 1 4 0
2005785401 39 1 5 0
2005785707 37 1 2 1
2005786324 41 1 5 1
2005788921 48 1 4 1
2005788988 49 1 4 0
2005790171 40 1 5 0
2005790554 39 1 5 1
2005793331 49 1 4 1
2005793398 48 1 4 0
2005794694 40 1 5 1
2005795031 38 1 5 0
2005798011 48 1 4 1
2005798078 49 1 4 0
2005798374 37 1 2 0
2005799374 38 1 5 1
2005799621 41 1 5 0
2005802717 37 1 2 1
2005803761 40 1 5 0
2005804144 41 1 5 1
2005805661 49 1 4 1
2005805728 48 1 4 0
2005806911 39 1 5 0
2005807564 40 1 5 1
2005811421 48 1 4 1
2005811488 49 1 4 0
2005812784 39 1 5 1
2005814741 41 1 5 0
2005816281 49 1 4 1
2005816348 48 1 4 0
2005817171 40 1 5 0
2005817891 38 1 5 0
2005818364 41 1 5 1
2005819534 40 1 5 1
2005820951 39 1 5 0
2005821064 38 1 5 1
2005821234 37 1 2 0
2005821591 48 1 4 1
2005821658 49 1 4 0
2005824407 37 1 2 1
2005824664 39 1 5 1
2005826181 49 1 4 1
2005826248 48 1 4 0
2005830311 38 1 5 0
2005831311 48 1 4 1
2005831378 49 1 4 0
2005832381 40 1 5 0
2005832651 41 1 5 0
2005833304 38 1 5 1
2005833654 37 1 2 0
2005835721 49 1 4 1
2005835788 48 1 4 0
2005836647 37 1 2 1
2005836881 39 1 5 0
2005836904 41 1 5 1
2005836994 40 1 5 1
2005840761 48 1 4 1
2005840828 49 1 4 0
2005841291 38 1 5 0
2005841314 39 1 5 1
2005844104 38 1 5 1
2005844634 37 1 2 0
2005845171 49 1 4 1
2005845238 48 1 4 0
2005847447 37 1 2 1
2005848581 38 1 5 0
2005849851 48 1 4 1
2005849918 49 1 4 0
2005851191 40 1 5 0
2005851281 41 1 5 0
2005851304 38 1 5 1
2005851924 37 1 2 0
2005853890 37 1 3 1
2005854647 37 1 2 1
2005855714 41 1 5 1
2005855984 40 1 5 1
2005857501 49 1 4 1
2005857568 48 1 4 0
2005859021 39 1 5 0
2005861014 37 1 3 0
2005862914 39 1 5 1
2005862981 38 1 5 0
2005863261 48 1 4 1
2005863328 49 1 4 0
2005865095 37 1 4 1
2005866041 41 1 5 0
2005866257 37 1 3 1
2005866324 37 1 2 0
2005866604 38 1 5 1
2005866760 37 1 5 1
2005867854 37 1 5 0
2005868121 49 1 4 1
2005868188 48 1 4 0
2005868291 40 1 5 0
2005869947 37 1 2 1
2005870564 41 1 5 1
2005870644 37 1 4 0
2005871194 40 1 5 1
2005873331 38 1 5 0
2005873431 48 1 4 1
2005873498 49 1 4 0
2005874321 39 1 5 0
2005874537 37 1 4 1
2005875895 37 1 5 1
2005876054 38 1 5 1
2005876674 37 1 2 0
2005876774 39 1 5 1
2005876854 37 1 3 0
2005877741 40 1 5 0
2005878021 49 1 4 1
2005878088 48 1 4 0
2005879397 37 1 2 1
2005880117 37 1 3 1
2005880194 40 1 5 1
2005881084 37 1 4 0
2005881431 38 1 5 0
2005883151 48 1 4 1
2005883218 49 1 4 0
2005883537 37 1 4 1
2005884424 38 1 5 1
2005884491 41 1 5 0
2005884774 37 1 2 0
2005886394 37 1 5 0
2005887561 49 1 4 1
2005887628 48 1 4 0
2005887767 37 1 2 1
2005888654 41 1 5 1
2005888901 39 1 5 0
2005892244 37 1 3 0
2005892601 48 1 4 1
2005892668 49 1 4 0
2005893761 40 1 5 0
2005894054 39 1 5 1
2005897011 49 1 4 1
2005897078 48 1 4 0
2005897104 37 1 4 0
2005897397 37 1 3 1
2005898284 40 1 5 1
2005898531 38 1 5 0
2005901627 37 1 4 1
2005901691 48 1 4 1
2005901758 49 1 4 0
2005901874 37 1 2 0
2005902874 38 1 5 1
2005903031 41 1 5 0
2005906217 37 1 2 1
2005907554 41 1 5 1
2005907621 40 1 5 0
2005909341 49 1 4 1
2005909408 48 1 4 0
2005909524 37 1 4 0
2005910591 39 1 5 0
2005911424 40 1 5 1
2005913934 37 1 3 0
2005915101 48 1 4 1
2005915168 49 1 4 0
2005916464 39 1 5 1
2005917251 41 1 5 0
2005919807 37 1 3 1
2005919961 49 1 4 1
2005920028 48 1 4 0
2005920874 41 1 5 1
2005920941 40 1 5 0
2005921391 38 1 5 0
2005923304 40 1 5 1
2005924564 38 1 5 1
2005924631 39 1 5 0
2005924734 37 1 2 0
2005925271 48 1 4 1
2005925338 49 1 4 0
2005927907 37 1 2 1
2005927974 37 1 3 0
2005928344 39 1 5 1
2005929861 49 1 4 1
2005929928 48 1 4 0
2005930841 40 1 5 0
2005931687 37 1 3 1
2005933001 38 1 5 0
2005933204 40 1 5 1
2005934991 48 1 4 1
2005935058 49 1 4 0
2005935994 38 1 5 1
2005936344 37 1 2 0
2005936421 41 1 5 0
2005939337 37 1 2 1
2005939401 49 1 4 1
2005939468 48 1 4 0
2005940471 39 1 5 0
2005940674 41 1 5 1
2005943814 37 1 3 0
2005944441 48 1 4 1
2005944508 49 1 4 0
2005944904 39 1 5 1
2005944971 38 1 5 0
2005945691 40 1 5 0
2005947784 38 1 5 1
2005948247 37 1 3 1
2005948314 37 1 2 0
2005948851 49 1 4 1
2005948918 48 1 4 0
2005950124 40 1 5 1
2005951127 37 1 2 1
2005952261 38 1 5 0
2005953531 48 1 4 1
2005953598 49 1 4 0
2005954961 41 1 5 0
2005954984 38 1 5 1
2005955604 37 1 2 0
2005958327 37 1 2 1
2005959281 40 1 5 0
2005959394 41 1 5 1
2005961181 49 1 4 1
2005961248 48 1 4 0
2005961914 40 1 5 1
2005962071 41 1 5 0
2005962701 39 1 5 0
2005964434 41 1 5 1
2005966044 37 1 3 0
2005966594 39 1 5 1
2005966661 38 1 5 0
2005966941 48 1 4 1
2005967008 49 1 4 0
2005970004 37 1 2 0
2005970284 38 1 5 1
2005971801 49 1 4 1
2005971868 48 1 4 0
2005972331 40 1 5 0
2005973627 37 1 2 1
2005975144 40 1 5 1
2005976651 38 1 5 0
2005977111 48 1 4 1
2005977178 49 1 4 0
2005978001 39 1 5 0
2005979374 38 1 5 1
2005979994 37 1 2 0
2005980454 39 1 5 1
2005980521 40 1 5 0
2005980881 41 1 5 0
2005981701 49 1 4 1
2005981768 48 1 4 0
2005982717 37 1 2 1
2005982974 40 1 5 1
2005985111 38 1 5 0
2005986831 48 1 4 1
2005986898 49 1 4 0
2005988104 38 1 5 1
2005988454 37 1 2 0
2005991241 49 1 4 1
2005991308 48 1 4 0
2005991447 37 1 2 1
2005992581 39 1 5 0
2005996281 48 1 4 1
2005996348 49 1 4 0
2005997441 40 1 5 0
2005997734 39 1 5 1
2006000691 49 1 4 1
2006000758 48 1 4 0
2006001964 40 1 5 1
2006002211 38 1 5 0
2006005371 48 1 4 1
2006005438 49 1 4 0
2006005554 37 1 2 0
2006006554 38 1 5 1
2006009861 40 1 5 0
2006009897 37 1 2 1
2006013021 49 1 4 1
2006013088 48 1 4 0
2006014271 39 1 5 0
2006018781 48 1 4 1
2006018848 49 1 4 0
2006020144 39 1 5 1
2006023641 49 1 4 1
2006023708 48 1 4 0
2006025071 38 1 5 0
2006028244 38 1 5 1
2006028311 39 1 5 0
2006028414 37 1 2 0
2006028951 48 1 4 1
2006029018 49 1 4 0
2006031587 37 1 2 1
2006032024 39 1 5 1
2006033541 49 1 4 1
2006033608 48 1 4 0
2006036681 38 1 5 0
2006038671 48 1 4 1
2006038738 49 1 4 0
2006039674 38 1 5 1
2006040024 37 1 2 0
2006043017 37 1 2 1
2006043081 49 1 4 1
2006043148 48 1 4 0
2006044151 39 1 5 0
2006048121 48 1 4 1
2006048188 49 1 4 0
2006048584 39 1 5 1
2006048651 38 1 5 0
2006051464 38 1 5 1
2006051994 37 1 2 0
2006052531 49 1 4 1
2006052598 48 1 4 0
2006054807 37 1 2 1
2006055941 38 1 5 0
2006057211 48 1 4 1
2006057278 49 1 4 0
2006058664 38 1 5 1
2006059284 37 1 2 0
2006062007 37 1 2 1
2006064861 49 1 4 1
2006064928 48 1 4 0
2006066381 39 1 5 0
2006070341 38 1 5 0
2006070621 48 1 4 1
2006070688 49 1 4 0
2006073684 37 1 2 0
2006073964 38 1 5 1
2006075481 49 1 4 1
2006075548 48 1 4 0
2006077307 37 1 2 1
2006079971 38 1 5 0
2006080791 48 1 4 1
2006080858 49 1 4 0
2006082694 38 1 5 1
2006083314 37 1 2 0
2006085381 49 1 4 1
2006085448 48 1 4 0
2006086037 37 1 2 1
2006088791 38 1 5 0
2006090511 48 1 4 1
2006090578 49 1 4 0
2006091784 38 1 5 1
2006092134 37 1 2 0
2006094988 48 1 4 0
2006095127 37 1 2 1
2006099961 48 1 4 1
2006104438 48 1 4 0
2006105891 38 1 5 0
2006109051 48 1 4 1
2006109234 37 1 2 0
2006110234 38 1 5 1
2006113577 37 1 2 1
2006116768 48 1 4 0
2006122461 48 1 4 1
2006127388 48 1 4 0
2006128751 38 1 5 0
2006131924 38 1 5 1
2006132094 37 1 2 0
2006132631 48 1 4 1
2006135267 37 1 2 1
2006137288 48 1 4 0
2006140361 38 1 5 0
2006143354 38 1 5 1
2006143704 37 1 2 0
2006146697 37 1 2 1
2006147921 38 1 5 0
2006151264 37 1 2 0
2006663593 48 1 4 1
2006665798 49 1 4 1
2006668228 48 1 4 0
2006670388 49 1 4 0
2006672931 48 1 4 1
2006674911 49 1 4 1
2006677588 48 1 4 0
2006679748 49 1 4 0
2006682291 48 1 4 1
2006684271 49 1 4 1
2006686858 48 1 4 0
2006689108 49 1 4 0
2006691561 48 1 4 1
2006693631 49 1 4 1
2006696218 48 1 4 0
2006698468 49 1 4 0
2006700921 48 1 4 1
2006702991 49 1 4 1
2006705578 48 1 4 0
2006707828 49 1 4 0
2006710281 48 1 4 1
2006712261 49 1 4 1
2006715658 49 1 4 0
2006716648 48 1 4 0
2006718831 49 1 4 1
2006723061 48 1 4 1
2006723578 49 1 4 0
2006727718 48 1 4 0
2006728011 49 1 4 1
2006732421 48 1 4 1
2006732758 49 1 4 0
2006733783 38 1 5 1
2006737078 48 1 4 0
2006737191 49 1 4 1
2006740871 38 1 5 0
2006741871 48 1 4 1
2006742028 49 1 4 0
2006744404 38 1 5 1
2006746528 48 1 4 0
2006746551 49 1 4 1
2006751231 48 1 4 1
2006751388 49 1 4 0
2006751491 38 1 5 0
2006754304 38 1 5 1
2006755888 48 1 4 0
2006755911 49 1 4 1
2006760591 48 1 4 1
2006760748 49 1 4 0
2006760851 38 1 5 0
2006763574 38 1 5 1
2006767038 39 1 5 1
2006768218 48 1 4 0
2006768241 49 1 4 1
2006771358 41 1 5 1
2006771831 39 1 5 0
2006773091 38 1 5 0
2006773248 40 1 5 1
2006774901 48 1 4 1
2006774968 49 1 4 0
2006775724 39 1 5 1
2006777074 38 1 5 1
2006778401 40 1 5 0
2006778491 41 1 5 0
2006779581 49 1 4 1
2006779648 48 1 4 0
2006781754 40 1 5 1
2006781934 41 1 5 1
2006784351 48 1 4 1
2006784418 49 1 4 0
2006784521 38 1 5 0
2006785331 39 1 5 0
2006787334 38 1 5 1
2006787694 39 1 5 1
2006788851 49 1 4 1
2006788918 48 1 4 0
2006793711 48 1 4 1
2006793778 49 1 4 0
2006793881 38 1 5 0
2006794961 41 1 5 0
2006795051 40 1 5 0
2006796694 38 1 5 1
2006798301 49 1 4 1
2006798368 48 1 4 0
2006799484 40 1 5 1
2006799484 41 1 5 1
2006800451 39 1 5 0
2006801903 37 1 2 1
2006803071 48 1 4 1
2006803138 49 1 4 0
2006803241 38 1 5 0
2006804254 39 1 5 1
2006805774 37 1 2 0
2006806054 38 1 5 1
2006807661 49 1 4 1
2006807728 48 1 4 0
2006809397 37 1 2 1
2006812431 48 1 4 1
2006812498 49 1 4 0
2006812691 38 1 5 0
2006813591 41 1 5 0
2006813681 40 1 5 0
2006815504 38 1 5 1
2006816034 37 1 2 0
2006818204 41 1 5 1
2006818294 40 1 5 1
2006818847 37 1 2 1
2006819991 49 1 4 1
2006820058 48 1 4 0
2006822231 39 1 5 0
2006826741 48 1 4 1
2006826808 49 1 4 0
2006827541 38 1 5 0
2006828284 39 1 5 1
2006829611 41 1 5 0
2006829881 40 1 5 0
2006829994 38 1 5 1
2006830884 37 1 2 0
2006831421 49 1 4 1
2006831488 48 1 4 0
2006833337 37 1 2 1
2006833414 40 1 5 1
2006833414 41 1 5 1
2006836191 48 1 4 1
2006836258 49 1 4 0
2006836991 39 1 5 0
2006839534 39 1 5 1
2006840691 49 1 4 1
2006840758 48 1 4 0
2006843201 38 1 5 0
2006845551 48 1 4 1
2006845618 49 1 4 0
2006846544 37 1 2 0
2006846801 40 1 5 0
2006846891 41 1 5 0
2006847904 38 1 5 1
2006850141 49 1 4 1
2006850208 48 1 4 0
2006851234 40 1 5 1
2006851247 37 1 2 1
2006851414 41 1 5 1
2006851571 39 1 5 0
2006854911 48 1 4 1
2006854978 49 1 4 0
2006856994 39 1 5 1
2006859501 49 1 4 1
2006859568 48 1 4 0
2006861741 38 1 5 0
2006864271 48 1 4 1
2006864338 49 1 4 0
2006864441 39 1 5 0
2006864734 38 1 5 1
2006865084 37 1 2 0
2006865341 41 1 5 0
2006865364 37 1 5 1
2006865611 40 1 5 0
2006867244 37 1 5 0
2006867524 39 1 5 1
2006868077 37 1 2 1
2006869954 41 1 5 1
2006870944 40 1 5 1
2006871831 49 1 4 1
2006871898 48 1 4 0
2006877221 38 1 5 0
2006878581 48 1 4 1
2006878648 49 1 4 0
2006878721 37 1 5 1
2006880564 37 1 2 0
2006881744 38 1 5 1
2006882171 41 1 5 0
2006882441 40 1 5 0
2006883261 49 1 4 1
2006883328 48 1 4 0
2006884074 37 1 5 0
2006884781 39 1 5 0
2006885087 37 1 2 1
2006885614 40 1 5 1
2006885614 41 1 5 1
2006888031 48 1 4 1
2006888098 49 1 4 0
2006889065 37 1 5 1
2006889394 39 1 5 1
2006892531 49 1 4 1
2006892598 48 1 4 0
2006893601 38 1 5 0
2006896944 37 1 2 0
2006897391 48 1 4 1
2006897458 49 1 4 0
2006898641 41 1 5 0
2006898731 40 1 5 0
2006898754 38 1 5 1
2006900544 37 1 5 0
2006901981 49 1 4 1
2006902048 48 1 4 0
2006902097 37 1 2 1
2006903164 40 1 5 1
2006903164 41 1 5 1
2006903411 39 1 5 0
2006906507 37 1 5 1
2006906751 48 1 4 1
2006906818 49 1 4 0
2006907214 39 1 5 1
2006907281 38 1 5 0
2006910094 38 1 5 1
2006910624 37 1 2 0
2006911341 49 1 4 1
2006911408 48 1 4 0
2006913437 37 1 2 1
2006914751 38 1 5 0
2006916111 48 1 4 1
2006916178 49 1 4 0
2006917271 41 1 5 0
2006917361 40 1 5 0
2006917564 38 1 5 1
2006918094 37 1 2 0
2006920074 37 1 5 0
2006920907 37 1 2 1
2006921884 41 1 5 1
2006921974 40 1 5 1
2006923671 49 1 4 1
2006923738 48 1 4 0
2006925191 39 1 5 0
2006925227 37 1 5 1
2006930421 48 1 4 1
2006930488 49 1 4 0
2006931244 39 1 5 1
2006931311 38 1 5 0
2006933201 41 1 5 0
2006933651 40 1 5 0
2006933764 38 1 5 1
2006934654 37 1 2 0
2006935101 49 1 4 1
2006935168 48 1 4 0
2006936544 37 1 5 0
2006937004 41 1 5 1
2006937107 37 1 2 1
2006937184 40 1 5 1
2006938511 39 1 5 0
2006939871 48 1 4 1
2006939938 49 1 4 0
2006940347 37 1 5 1
2006941054 39 1 5 1
2006944371 49 1 4 1
2006944438 48 1 4 0
2006945621 38 1 5 0
2006948964 37 1 2 0
2006949231 48 1 4 1
2006949298 49 1 4 0
2006950324 38 1 5 1
2006950481 40 1 5 0
2006950571 41 1 5 0
2006953667 37 1 2 1
2006953821 49 1 4 1
2006953888 48 1 4 0
2006953914 37 1 5 0
2006954914 40 1 5 1
2006954981 39 1 5 0
2006955094 41 1 5 1
2006958437 37 1 5 1
2006958591 48 1 4 1
2006958658 49 1 4 0
2006960404 39 1 5 1
2006963181 49 1 4 1
2006963248 48 1 4 0
2006964161 41 1 5 0
2006965061 38 1 5 0
2006966524 41 1 5 1
2006967504 37 1 5 0
2006967951 48 1 4 1
2006968018 49 1 4 0
2006968054 38 1 5 1
2006968121 39 1 5 0
2006968404 37 1 2 0
2006969381 40 1 5 0
2006969867 37 1 5 1
2006971204 39 1 5 1
2006971397 37 1 2 1
2006974601 41 1 5 0
2006974714 40 1 5 1
2006975511 49 1 4 1
2006975578 48 1 4 0
2006977944 37 1 5 0
2006977954 41 1 5 1
2006978831 38 1 5 0
2006981297 37 1 5 1
2006982174 37 1 2 0
2006982261 48 1 4 1
2006982328 49 1 4 0
2006983354 38 1 5 1
2006986211 40 1 5 0
2006986697 37 1 2 1
2006986941 49 1 4 