ENABLE_QCN			Yes
USE_DYNAMIC_PFC_THRESHOLD	Yes
PACKET_PAYLOAD_SIZE		1000
TOPOLOGY_FILE			mix/fat.txt
FLOW_FILE			mix/flow_ls.txt
TRACE_FILE			mix/trace.txt
TRACE_OUTPUT_FILE		mix/mix.tr
FCT_OUTPUT_FILE		mix/fct_ls.txt
PFC_OUTPUT_FILE				mix/pfc_ls.txt
SIMULATOR_STOP_TIME		4
CC_MODE		1
ALPHA_RESUME_INTERVAL		1
RATE_DECREASE_INTERVAL		4
CLAMP_TARGET_RATE		No
RP_TIMER			200
EWMA_GAIN			0.00390625
FAST_RECOVERY_TIMES		1
RATE_AI				500Mb/s
RATE_HAI			200Mb/s
MIN_RATE		500Mb/s
DCTCP_RATE_AI				2000Mb/s
ERROR_RATE_PER_LINK		0
L2_CHUNK_SIZE			4000
L2_ACK_INTERVAL			1
L2_BACK_TO_ZERO			No
HAS_WIN		1
GLOBAL_T		1
VAR_WIN		1
FAST_REACT		1
U_TARGET		0.95
MI_THRESH		0
INT_MULTI				1
MULTI_RATE				0
SAMPLE_FEEDBACK				0
PINT_LOG_BASE				1.05
PINT_PROB				1
RATE_BOUND		1
ACK_HIGH_PRIO		0
LINK_DOWN				0 0 0
ENABLE_TRACE				1
KMAX_MAP				 50000000000 400 100000000000 1600 200000000000 1600
KMIN_MAP				 50000000000 100 100000000000 400 200000000000 400
PMAX_MAP				 50000000000 0.2 100000000000 0.2 200000000000 0.2
BUFFER_SIZE				10
QLEN_MON_FILE				mix/qlen_ls.txt
QLEN_MON_START				2000000000
QLEN_MON_END				2010000000
maxRtt=1016680 maxBdp=12708500
Running Simulation.
1151763 200
1209531 200
1268329 200
1328719 200
1388750 200
1447962 200
1507132 200
1559804 200
1604391 18
1648289 18
1689028 19
1729592 19
1766752 19
1805143 20
1840499 20
1862266 10
3315264 200
3373205 200
3432929 200
3493489 200
3552234 200
3610565 200
3666708 200
3723518 200
3778991 200
3835659 200
3895118 200
3954978 200
4014032 200
4072265 200
4127917 200
4178150 78
4227245 39
4275023 37
4322137 39
4368932 51
4416202 50
4461390 37
4504832 37
4546524 40
4587104 50
4647489 50
4770521 34
4893506 20
5027915 20
5153292 19
6122812 31
6192748 200
6267328 200
6344066 200
6420214 200
6479553 200
6538118 200
6594813 200
6651507 200
6707513 200
6765150 200
6825024 200
6885584 200
6944769 200
7001332 200
7050107 40
7098322 42
7145197 38
7192348 43
7238169 40
7283352 43
7327685 49
7369079 40
7408158 39
7450288 67
7493505 50
7561430 20
7668995 20
7772480 21
7862739 0
8871897 88
8945255 200
9020155 200
9083377 200
9143592 200
9203342 200
9262192 200
9321095 200
9379148 200
9436519 200
9497178 200
9557146 200
9615204 200
9666517 93
9714618 32
9761350 46
9806785 39
9850490 32
9896254 61
9938651 39
9980522 45
10022316 53
10062926 18
10102883 20
10139831 20
10170124 18
11462082 142
11520276 200
11579766 200
11641262 200
11702022 200
11763524 200
11822736 200
11884268 200
11942396 200
12001541 200
12061941 200
12119682 200
12178776 200
12228245 56
12277687 35
12328364 45
12375289 37
12421269 44
12467282 54
12511152 18
12554459 19
12594695 19
12634313 19
12672324 18
12709018 20
12738884 17
14135188 186
14194123 200
14254676 200
14314685 200
14373920 200
14433866 200
14493962 200
14554293 200
14614602 200
14674286 200
14731762 200
14789330 200
14848048 200
14904855 200
14964322 200
15019443 197
15070691 121
15122107 112
15173839 107
15223711 61
15272192 58
15318767 40
15365537 34
15412572 50
15457851 45
15503007 45
15585533 40
15678608 34
15776979 75
15874528 22
15968251 20
16059682 20
16140874 16
17093871 200
17171590 200
17250414 200
17326640 200
17403444 200
17479861 200
17556056 200
17618219 200
17678972 200
17739180 200
17798253 200
17855072 200
17911019 200
17964886 200
18020483 200
18076327 200
18131439 200
18185648 200
18238873 182
18291647 153
18343434 107
18393793 64
18442268 60
18489793 47
18536594 42
18587941 52
18674018 36
18769708 55
18864620 70
18958431 60
19048999 66
19139245 26
19227319 20
19311536 20
19389574 18
20178629 200
20253051 200
20328274 200
20405831 200
20480135 200
20553671 200
20627046 200
20700952 200
20777857 200
20839119 200
20898785 200
20957535 200
21016974 200
21074735 200
21130699 200
21186877 200
21237672 162
21288907 162
21339730 150
21389015 138
21436953 88
21481797 62
21527625 72
21570385 60
21613642 70
21663121 76
21741174 40
21823316 31
21903840 23
21979883 21
22203198 12
22261434 21
22319366 22
22377776 22
22434400 21
22490369 22
22545167 16
22595982 0
23027630 4
23092927 200
23169051 200
23246205 200
23323463 200
23386997 200
23451815 200
23515233 200
23576841 200
23640972 200
23706803 200
23772933 200
23838404 200
23903703 200
23969845 200
24035212 200
24098971 200
24161553 200
24224412 200
24286923 183
24350022 170
24410305 136
24468153 126
24526694 122
24583921 95
24638433 75
24704362 95
24785983 99
24865821 100
24946738 99
25017324 89
25087047 88
25156797 88
25226445 88
25296036 95
25369443 119
25443359 124
25516803 123
25589803 123
25662368 123
25734514 123
25806137 124
25877318 123
25947907 122
26018737 129
26090595 140
26159333 142
26227310 142
26294701 142
26361633 142
26426008 143
26495546 159
26579185 200
26663556 200
26748886 200
26828034 200
26905856 200
26987827 200
27070597 200
27151858 200
27235422 200
27320634 200
27406001 200
27490490 200
27574745 200
27658869 200
27744065 200
27830132 200
27916201 200
27988324 200
28059862 200
28131422 179
28202141 173
28272185 163
28341967 160
28411394 138
28479802 163
28553298 197
28629088 199
28705370 198
28782174 199
28859223 200
28936742 200
29015407 200
29093647 200
29171213 200
29249751 200
29328548 200
29407586 200
29485283 200
29561093 200
29633816 200
29703916 200
29769454 200
29833542 200
29897760 200
29962141 200
30024164 200
30084206 200
30143286 200
30201633 200
30261095 200
30317809 200
30372823 200
30429393 200
30484492 200
30541894 200
30603389 200
30662402 200
30725959 200
30788337 200
30851507 200
30912861 200
30970556 200
31029859 200
31087685 200
31141771 170
31196869 169
31246287 93
31295399 80
31342718 82
31390977 92
31440565 101
31488766 86
31534419 83
31580080 95
31629683 132
31678694 120
31725750 113
31771098 72
31813253 20
31852288 20
31890645 45
31915098 26
31933061 19
31954682 35
31976091 33
31996480 24
32012346 0
32172030 13
32189475 4
32516935 0
32534632 1
32551148 2
32568594 3
32587969 1
32608548 1
32629197 1
32649803 2
32670305 2
32691095 3
32720973 76
32756622 95
32792166 94
32828379 95
32865615 97
32903567 95
32941517 94
32979515 96
33017387 95
33059702 137
33112935 191
33165826 190
33218867 190
33272090 191
33325867 190
33380044 191
33435703 190
33490426 192
33545167 195
33602836 200
33661614 200
33720569 200
33779244 200
33839396 200
33898883 200
33960771 200
34027654 200
34094622 200
34161619 200
34232781 200
34305888 200
34378400 200
34451356 200
34523327 200
34596308 200
34677525 200
34759126 200
34838830 200
34918731 200
34999313 200
35080253 200
35162816 200
35244406 200
35326541 200
35410030 200
35493516 200
35575776 200
35658423 200
35742024 200
35825451 200
35907961 200
35991035 200
36074190 200
36156798 200
36240741 200
36323638 200
36407312 200
36491694 200
36574767 200
36657704 200
36742371 200
36825635 200
36904080 200
36975166 200
37047453 200
37118636 200
37189901 200
37260748 200
37327287 200
37385242 200
37442353 200
37500101 200
37557444 200
37615830 200
37673186 200
37730143 200
37789349 200
37847247 200
37903582 200
37959541 200
38015547 200
38073905 200
38130232 200
38188437 200
38244833 200
38303198 200
38361688 200
38417805 200
38473725 177
38527596 148
38583245 172
38637386 154
38691874 161
38745652 135
38797670 98
38849637 84
38899119 63
38949030 66
38999915 60
39051014 64
39101940 64
39151201 63
39201491 75
39250299 63
39298445 71
39346887 63
39395665 66
39440957 58
39485413 72
39529240 66
39577971 114
39625236 113
39671696 99
39714770 20
39755143 20
39791946 20
39815231 10
40419443 8
40437336 0
40456279 1
40476491 4
40500894 32
40526172 30
40552330 30
40578500 30
40604889 30
40631793 32
40658934 36
40690984 69
40729015 99
40768754 106
40810074 116
40851943 113
40894098 115
40936298 113
40982009 146
41032199 165
41083088 173
41138081 199
41193962 200
41250788 200
41308054 200
41365960 200
41424149 200
41482364 200
41541649 200
41603158 200
41666538 200
41730449 200
41794435 200
41858874 200
41923444 200
41989436 200
42059980 200
42133763 200
42208689 200
42284381 200
42360271 200
42436112 200
42511223 200
42586654 200
42665723 200
42745793 200
42829224 200
42913697 200
42998089 200
43081565 200
43164981 200
43249368 200
43333879 200
43420149 200
43506641 200
43591801 200
43676840 200
43761307 200
43845796 200
43929731 200
44014459 200
44099738 200
44185429 200
44271047 200
44357092 200
44441926 200
44527348 200
44609355 200
44688069 200
44767729 200
44843573 200
44914466 200
44980450 200
45045436 200
45108812 200
45169855 200
45227528 200
45286401 200
45344437 200
45403173 200
45460568 200
45518257 200
45575918 200
45633594 200
45691084 200
45748095 200
45806072 200
45864442 200
45923211 200
45980581 200
46038754 200
46095867 200
46154364 200
46211961 200
46268925 200
46327232 200
46381870 142
46437521 137
46492137 126
46545768 103
46600786 121
46652740 84
46704825 82
46758127 100
46809356 84
46861820 91
46913736 80
46965175 83
47017572 81
47069262 66
47121010 68
47171792 70
47222201 65
47272858 65
47321380 60
47370479 72
47418769 58
47465099 65
47509978 66
47553655 69
47601073 114
47647702 100
47690903 20
47731437 20
47768260 20
47791854 9
48378872 9
48397630 0
48416189 0
48435056 1
48456764 12
48482835 32
48508900 32
48535294 33
48562091 31
48590044 32
48618312 32
48646475 32
48675295 42
48709607 69
48747385 92
48790308 119
48833820 121
48877544 120
48921399 121
48969120 151
49021833 175
49074569 174
49127738 181
49183494 193
49241821 200
49302064 200
49361587 200
49420733 200
49480212 200
49541524 200
49605303 200
49669340 200
49733441 200
49798043 200
49863748 200
49933445 200
50002623 200
50071406 200
50142283 200
50216740 200
50293036 200
50370865 200
50449337 200
50526591 200
50606713 200
50689976 200
50772627 200
50855384 200
50939232 200
51025730 200
51112053 200
51198859 200
51284108 200
51371202 200
51457539 200
51542665 200
51629259 200
51714573 200
51802607 200
51889259 200
51976001 200
52063242 200
52150195 200
52237333 200
52325755 200
52413298 200
52495381 200
52576185 200
52653639 200
52730118 200
52800372 200
52865312 200
52924618 200
52983734 200
53040788 200
53099607 200
53157042 200
53213758 200
53276573 200
53336891 200
53397287 200
53454868 200
53513584 200
53571413 200
53631224 200
53689638 200
53748383 200
53808924 200
53867985 200
53926649 200
53985754 200
54044300 200
54102724 200
54160713 200
54218219 195
54277095 181
54332514 135
54387765 119
54442369 97
54496668 90
54550697 82
54605695 96
54659364 75
54712228 68
54764416 66
54813634 55
54865388 74
54913436 48
54963193 74
55011406 30
55061872 51
55108091 46
55154149 48
55199871 63
55244857 69
55287673 58
55335941 101
55384952 114
55434011 114
55483518 113
55532240 113
55579653 114
55626133 92
55669475 20
55709325 20
55745873 20
55767634 8
56440695 16
56462119 3
56485506 2
56513523 35
56542498 36
56571585 35
56600565 35
56637995 100
56679360 108
56720877 109
56762137 107
56804164 108
56848081 114
56894578 127
56940859 127
56987058 125
57034128 137
57089379 199
57149001 200
57208582 200
57269231 200
57329418 200
57390886 200
57452263 200
57513593 200
57575007 200
57638481 200
57702727 200
57768479 200
57839630 200
57910911 200
57982167 200
58054777 200
58131381 200
58207957 200
58284755 200
58361703 200
58439455 200
58519405 200
58600925 200
58681641 200
58763893 200
58850853 200
58940628 200
59030460 200
59118260 200
59207983 200
59295492 200
59383398 200
59470079 200
59557812 200
59646375 200
59735155 200
59824311 200
59916524 200
60005207 200
60094783 200
60183914 200
60271977 200
60361264 200
60449397 200
60534879 200
60621255 200
60700014 200
60771054 200
60839645 200
60905461 200
60969451 200
61028593 200
61086920 200
61145654 200
61204237 200
61263301 200
61323344 200
61382437 200
61441878 200
61500551 200
61560853 200
61621786 200
61680946 200
61741348 200
61803426 200
61864565 200
61926104 200
61986310 200
62047323 200
62109439 200
62170602 200
62230812 200
62284922 169
62339764 165
62394121 146
62448099 132
62502863 123
62556247 103
62610438 111
62664142 119
62716677 92
62770232 99
62823224 84
62875987 88
62929257 82
62979813 52
63031529 81
63082614 61
63133114 67
63181332 41
63229133 51
63279532 69
63329049 59
63378118 67
63425768 65
63473688 72
63521566 64
63566755 70
63611450 67
63656625 73
63705546 114
63754707 114
63803357 114
63850156 113
63895975 68
63938031 20
63977182 20
64013149 20
64030215 2
64696809 14
64718327 0
64742103 2
64766467 0
64795074 32
64825106 35
64855236 37
64887147 55
64926347 97
64969113 113
65012018 114
65055523 113
65100198 112
65146300 123
65194219 131
65242099 132
65290105 134
65346164 199
65407428 200
65468533 200
65529735 200
65591256 200
65653500 200
65715952 200
65778573 200
65842768 200
65906586 200
65971729 200
66040422 200
66111507 200
66183616 200
66255037 200
66326305 200
66401451 200
66479692 200
66558158 200
66637093 200
66717682 200
66799613 200
66883083 200
66968012 200
67052248 200
67138154 200
67228448 200
67316101 200
67402665 200
67490450 200
67579100 200
67666998 200
67755482 200
67844148 200
67934183 200
68023801 200
68113018 200
68201754 200
68291079 200
68380664 200
68471099 200
68561078 200
68649437 200
68737120 200
68821500 200
68898438 200
68969647 200
69041838 200
69106339 200
69171625 200
69237581 200
69301321 200
69361824 200
69423049 200
69483451 200
69543584 200
69604369 200
69663055 200
69721744 200
69781340 200
69840818 200
69900573 200
69961316 200
70019614 200
70079464 200
70138653 200
70199226 200
70259103 200
70318718 200
70377809 200
70434713 200
70490979 169
70548313 187
70603849 140
70659220 132
70715343 146
70770812 136
70825862 104
70882000 122
70937169 111
70992640 106
71047455 114
71100826 84
71155452 99
71209447 79
71261198 86
71313089 66
71363772 68
71414770 58
71465043 59
71513651 31
71561810 52
71610647 58
71659711 64
71709056 71
71757133 68
71804680 59
71850967 70
71895108 53
71938362 72
71985044 96
72033861 114
72082688 113
72131371 113
72180913 114
72228634 114
72275525 114
72319774 20
72360193 20
72397499 20
72424026 13
73127882 16
73152397 3
73177671 2
73207488 35
73238548 38
73271601 55
73308718 74
73350939 113
73395419 117
73440021 118
73485011 116
73530495 120
73577304 121
73626790 135
73676390 137
73728691 155
73781705 160
73843079 200
73907130 200
73970054 200
74032777 200
74095866 200
74159860 200
74224086 200
74288498 200
74353304 200
74421501 200
74492915 200
74565448 200
74638176 200
74711395 200
74788110 200
74866832 200
74947967 200
75029695 200
75113925 200
75196496 200
75281108 200
75365946 200
75451663 200
75537925 200
75624340 200
75711695 200
75800569 200
75890580 200
75981289 200
76071772 200
76162726 200
76254155 200
76346280 200
76436674 200
76528188 200
76619159 200
76711311 200
76800483 200
76889375 200
76978414 200
77068278 200
77154588 200
77234827 200
77310845 200
77385363 200
77455181 200
77523672 200
77588374 200
77651855 200
77715398 200
77776853 200
77835563 200
77895020 200
77955128 200
78014707 200
78075456 200
78136115 200
78195835 200
78256220 200
78317161 200
78376944 200
78438034 200
78498987 200
78559593 200
78619387 200
78678509 200
78738035 200
78797529 200
78855404 196
78914112 199
78969877 166
79026621 172
79083011 144
79139452 139
79194624 132
79250125 113
79306640 120
79361249 103
79416195 115
79471234 115
79525778 98
79580000 88
79633094 82
79687314 84
79742188 96
79796094 98
79847620 89
79898445 66
79948889 53
79999358 66
80050284 63
80101476 58
80152541 76
80202732 63
80253006 75
80301588 62
80349353 63
80397683 67
80445498 71
80489769 60
80532356 67
80579006 94
80627762 113
80676594 114
80725448 114
80774058 114
80821673 114
80867831 93
80910916 20
80951037 20
80987645 20
81012047 10
81726129 18
81754078 33
81785994 39
81818106 39
81850164 38
81882585 38
81915766 50
81954587 78
81999342 121
82045336 122
82092585 132
82143105 141
82194361 141
82246223 142
82297561 142
82349054 141
82401961 153
82458904 193
82522897 200
82586869 200
82651254 200
82716157 200
82782370 200
82850032 200
82916924 200
82986567 200
83059352 200
83135177 200
83209812 200
83284471 200
83359778 200
83434961 200
83513157 200
83596698 200
83680845 200
83765927 200
83852980 200
83940674 200
84027301 200
84114523 200
84198889 200
84285409 200
84373012 200
84467007 200
84557798 200
84648904 200
84741331 200
84833279 200
84926021 200
85016912 200
85108619 200
85200341 200
85294819 200
85385517 200
85476001 200
85566507 200
85652108 200
85735678 200
85812939 200
85886885 200
85956048 200
86026830 200
86093021 200
86159318 200
86220055 200
86281443 200
86342531 200
86403057 200
86462721 200
86525886 200
86587111 200
86650206 200
86712283 200
86772289 200
86835008 200
86896189 200
86958282 200
87020138 200
87082720 200
87145292 200
87205707 200
87266572 200
87327289 200
87388010 193
87449073 195
87504293 153
87561227 166
87617976 150
87673266 134
87729058 127
87782809 105
87838301 115
87893162 109
87947374 105
88002392 104
88057676 134
88112302 110
88166146 106
88220823 121
88274294 98
88330365 127
88381359 59
88432919 63
88485735 69
88537512 68
88590534 45
88640254 39
88689014 41
88737624 37
88785799 43
88831854 46
88878627 55
88926096 62
88971204 74
89014567 63
89059234 77
89107895 114
89157203 114
89207281 114
89256320 114
89305188 113
89354188 114
89402378 114
89450185 113
89494256 38
89535230 20
89573138 20
89604119 17
90359168 22
90385848 1
90412602 2
90439547 5
90475714 70
90518989 112
90565552 125
90612581 125
90660625 126
90709184 125
90757916 124
90807635 125
90857866 124
90908129 130
90964361 164
91025599 186
91088209 200
91152915 200
91218215 200
91283922 200
91349982 200
91416580 200
91483226 200
91549758 200
91621403 200
91696250 200
91770042 200
91844594 200
91918107 200
91993775 200
92074551 200
92160645 200
92248626 200
92335583 200
92421877 200
92508828 200
92595942 200
92681503 200
92766578 200
92852888 200
92943347 200
93035723 200
93127780 200
93220817 200
93313706 200
93406859 200
93499835 200
93592152 200
93685040 200
93778673 200
93870482 200
93963123 200
94056376 200
94150224 200
94243828 200
94336572 200
94428924 200
94512496 200
94588368 200
94660844 200
94735729 200
94806631 200
94870357 200
94929971 200
94988849 200
95049634 200
95110591 200
95173020 200
95233635 200
95295088 200
95355896 200
95417740 200
95479129 200
95541794 200
95604529 200
95666122 200
95727462 200
95789099 200
95851640 200
95913074 200
95974843 200
96036065 200
96094860 200
96153548 184
96211736 173
96268211 155
96326111 185
96382025 104
96439698 124
96494918 105
96548460 100
96605328 123
96661014 113
96717896 122
96772338 103
96828029 114
96884423 115
96939568 115
96995802 114
97051098 113
97106761 112
97162012 108
97216402 82
97270460 68
97324354 66
97377722 60
97431973 77
97483092 57
97533405 70
97583972 65
97633239 63
97681582 61
97731101 77
97780888 64
97830890 68
97879463 61
97927745 69
97975812 67
98024174 64
98069790 70
98115869 84
98164584 113
98213637 114
98262833 113
98311684 114
98360980 114
98408081 114
98455265 79
98498021 20
98537468 20
98573795 20
98592881 5
99351033 25
99376598 0
99405993 18
99440991 55
99481871 82
99522769 84
99567696 116
99616338 130
99665766 130
99715140 130
99764912 129
99816287 133
99871258 149
99928009 168
99985972 170
100044806 170
100106808 192
100172926 200
100239991 200
100307032 200
100373955 200
100441534 200
100510230 200
100583143 200
100657361 200
100730614 200
100805084 200
100879863 200
100958365 200
101040693 200
101122906 200
101208311 200
101298180 200
101388826 200
101479083 200
101566493 200
101654848 200
101742717 200
101831683 200
101922023 200
102012146 200
102103901 200
102196231 200
102290340 200
102383387 200
102477008 200
102572167 200
102666542 200
102761412 200
102855474 200
102949461 200
103044277 200
103137977 200
103231394 200
103321751 200
103409584 200
103496521 200
103575123 200
103654248 200
103732173 200
103804483 200
103865893 200
103927921 200
103988310 200
104051053 200
104113850 200
104174048 200
104235506 200
104297238 200
104358607 200
104419473 200
104481033 200
104543084 200
104604835 200
104667896 200
104727286 200
104788895 200
104850757 200
104911004 200
104971265 200
105031403 200
105091287 200
105150534 200
105208709 197
105267044 191
105325907 175
105382848 118
105439354 109
105496154 108
105550962 111
105606892 116
105663161 121
105717983 107
105773644 108
105829753 113
105886079 114
105942244 108
105997420 113
106053541 116
106109110 108
106165549 123
106220377 102
106276297 112
106333305 123
106387324 95
106440908 82
106494232 89
106548125 92
106601932 62
106653957 65
106704336 51
106756040 47
106807781 48
106856502 44
106904574 46
106954233 65
107003078 73
107052605 61
107101294 77
107147129 62
107191923 63
107234705 67
107282060 101
107331182 113
107380469 114
107429672 114
107478737 114
107526770 114
107573557 114
107618161 34
107660413 20
107698158 20
107727583 16
108469672 10
108498430 9
108526954 0
108560880 39
108596983 43
108632347 43
108668301 56
108717136 132
108767615 132
108817902 134
108868291 132
108919349 134
108974102 148
109030903 155
109087341 154
109143582 154
109202703 180
109267441 200
109335713 200
109403934 200
109472177 200
109540832 200
109610858 200
109685179 200
109759694 200
109833911 200
109909620 200
109985532 200
110063605 200
110146034 200
110228017 200
110311450 200
110399969 200
110490478 200
110582048 200
110672508 200
110761988 200
110852387 200
110944118 200
111035206 200
111125654 200
111215754 200
111311726 200
111407846 200
111503333 200
111599869 200
111695932 200
111790864 200
111886965 200
111982371 200
112080235 200
112177499 200
112273711 200
112372391 200
112469897 200
112561049 200
112645710 200
112727975 200
112810286 200
112888477 200
112948129 200
113008979 200
113068680 200
113127804 200
113188269 200
113247969 200
113306926 200
113365633 200
113425893 200
113486492 200
113546845 200
113607609 200
113666486 200
113726831 200
113786839 200
113845521 200
113905484 200
113965750 200
114024309 200
114084262 200
114142053 200
114199510 200
114257271 200
114314332 200
114370633 183
114426327 125
114479957 113
114534996 119
114589341 105
114644079 115
114699315 120
114754118 107
114809334 115
114863728 105
114918627 112
114976426 122
115032019 112
115087668 111
115141741 106
115196626 109
115252112 119
115307238 106
115361441 118
115415970 116
115468827 93
115523550 88
115576916 64
115629595 62
115682531 67
115734499 64
115785335 60
115835969 73
115885917 66
115935466 73
115983396 64
116033594 89
116085106 112
116135652 88
116186021 61
116236342 66
116284616 70
116332016 67
116378519 65
116422684 65
116466469 73
116514751 98
116564274 114
116613647 113
116662209 114
116709869 114
116756605 110
116800805 20
116841038 20
116878259 20
116904085 12
117679119 21
117707439 4
117741150 49
117784451 88
117827543 88
117870917 88
117914791 89
117958957 88
118004154 99
118056332 136
118108783 137
118161686 142
118220634 171
118281980 182
118343448 180
118405193 182
118467045 180
118532050 200
118602495 200
118672821 200
118743654 200
118814047 200
118886808 200
118963520 200
119038251 200
119112924 200
119189020 200
119266592 200
119350489 200
119434920 200
119521404 200
119608319 200
119696758 200
119783074 200
119873075 200
119962570 200
120052088 200
120143387 200
120237398 200
120331701 200
120424206 200
120517890 200
120613451 200
120708388 200
120803185 200
120898207 200
120992997 200
121089332 200
121185661 200
121283191 200
121380733 200
121478210 200
121576871 200
121675208 200
121769228 200
121859064 200
121942050 200
122019755 200
122092969 200
122165866 200
122239123 200
122304828 200
122365665 200
122427595 200
122488217 200
122550140 200
122612490 200
122675215 200
122738938 200
122800038 200
122862195 200
122922096 200
122984359 200
123046805 200
123108491 200
123169455 200
123229810 200
123289913 200
123350189 200
123409682 200
123469800 200
123528836 200
123584599 199
123639740 168
123695842 172
123752775 173
123808821 150
123863519 105
123918938 109
123975288 122
124030403 103
124086071 115
124141075 113
124196774 106
124253465 122
124309023 107
124365267 113
124421039 108
124475857 111
124531431 121
124586532 114
124641246 111
124695618 111
124750356 105
124805400 110
124859878 102
124913805 98
124967969 101
125021033 80
125075323 87
125128675 76
125181008 74
125232915 68
125283699 53
125333540 56
125382966 77
125433158 87
125483427 86
125533792 78
125582284 67
125630952 59
125680387 67
125728186 69
125775372 64
125821455 64
125866597 76
125909258 64
125956690 101
126005570 113
126054368 113
126104264 114
126153229 114
126201316 114
126248661 114
126292527 37
126333553 20
126371563 20
126402732 17
127233475 119
127269191 46
127306702 45
127344260 45
127385854 77
127431309 91
127476781 101
127529433 139
127583137 144
127640353 162
127697644 162
127756290 164
127816035 163
127876151 169
127939483 184
128005252 187
128071718 200
128142650 200
128213777 200
128285539 200
128357262 200
128433597 200
128510107 200
128585238 200
128660764 200
128743771 200
128824411 200
128906010 200
128990625 200
129077818 200
129167024 200
129254501 200
129344968 200
129437351 200
129529235 200
129620979 200
129713558 200
129805557 200
129899561 200
129993748 200
130087666 200
130182970 200
130279855 200
130376028 200
130473862 200
130571590 200
130669176 200
130768770 200
130869530 200
130967397 200
131068397 200
131168323 200
131265783 200
131362176 200
131452584 200
131536422 200
131613856 200
131684211 200
131750256 200
131815025 200
131875505 200
131938142 200
132000865 200
132062964 200
132125561 200
132186982 200
132248889 200
132309860 200
132370334 200
132432506 200
132494590 200
132556406 200
132617978 200
132677984 200
132736694 200
132794941 200
132853801 200
132912846 200
132971560 200
133030857 200
133090313 200
133148072 200
133203958 160
133259828 144
133315543 118
133371690 118
133426857 90
133483360 133
133540153 124
133595888 104
133652216 123
133707500 108
133764377 113
133820748 113
133877174 111
133936108 113
133992546 112
134048932 110
134104637 105
134161133 115
134217807 115
134274373 107
134330700 112
134387259 118
134443467 105
134498735 116
134552382 108
134606679 120
134660904 106
134714110 86
134767120 93
134819949 81
134872540 68
134924822 71
134974686 59
135025403 57
135076559 82
135124427 52
135173792 69
135223092 69
135271464 63
135320963 72
135370429 64
135417946 65
135465736 67
135512326 71
135557337 60
135599896 66
135646909 94
135695781 113
135744753 114
135793266 114
135841724 113
135889962 114
135935889 87
135978791 20
136018660 20
136055166 20
136075660 7
136866792 21
136896977 12
136934467 47
136972403 47
137012776 71
137058133 92
137103673 92
137156728 141
137212059 142
137266759 143
137321503 143
137379143 156
137439607 167
137500306 174
137564402 190
137628549 191
137695256 200
137766928 200
137838336 200
137910113 200
137982902 200
138059410 200
138136011 200
138211774 200
138287752 200
138363774 200
138442911 200
138525416 200
138611108 200
138697672 200
138789155 200
138878583 200
138969129 200
139060759 200
139152396 200
139244532 200
139337101 200
139430606 200
139523603 200
139618161 200
139714378 200
139808561 200
139904246 200
140001677 200
140097338 200
140199615 200
140304005 200
140409268 200
140515394 200
140621274 200
140719407 200
140806726 200
140890324 200
140972947 200
141054496 200
141129908 200
141204300 200
141276544 200
141345856 200
141410235 200
141472375 200
141533703 200
141593112 200
141653604 200
141714459 200
141774112 200
141836277 200
141895746 200
141955617 200
142016586 200
142075620 200
142137145 200
142196637 200
142255188 200
142313619 200
142370889 200
142429915 200
142488005 200
142545382 200
142602563 200
142659561 183
142716870 173
142774086 180
142831213 140
142890734 132
142949416 111
143005514 110
143063054 122
143118598 106
143175328 114
143232160 119
143286381 102
143342498 121
143397737 103
143454343 114
143510826 121
143565698 102
143622937 122
143677844 110
143732660 107
143788762 122
143843566 103
143900328 122
143955153 107
144010282 104
144065010 88
144119565 86
144172611 56
144224585 52
144277373 71
144330676 77
144382379 63
144432604 68
144481916 57
144532458 66
144583122 93
144634927 94
144685296 71
144734456 60
144783657 69
144831863 71
144879955 56
144925364 71
144969010 58
145014226 90
145062069 113
145110097 114
145159310 114
145209221 114
145259404 114
145308740 114
145356943 114
145404110 110
145447443 20
145488021 20
145525238 20
145552116 14
146391331 66
146442680 104
146485513 81
146532163 95
146579258 95
146626846 96
146676830 120
146732170 147
146787898 148
146847610 170
146907316 171
146969051 185
147034367 197
147099912 195
147166462 195
147232530 197
147300235 200
147371228 200
147444406 200
147517941 200
147592526 200
147672293 200
147750945 200
147829323 200
147907356 200
147985648 200
148076020 200
148163724 200
148257664 200
148348053 200
148437643 200
148525731 200
148619981 200
148712683 200
148806704 200
148902187 200
148997761 200
149094303 200
149195385 200
149297705 200
149401398 200
149506412 200
149609308 200
149711313 200
149813969 200
149916014 200
150007880 200
150093333 200
150169260 200
150243429 200
150318343 200
150390331 200
150459206 200
150527043 200
150593903 200
150658940 200
150721363 200
150785261 200
150848095 200
150910099 200
150972102 200
151035139 200
151096594 200
151157964 200
151220679 200
151283206 200
151345996 200
151408844 200
151471675 200
151532242 200
151592439 200
151653114 200
151712451 200
151771025 200
151828188 167
151885617 161
151943536 173
151998756 140
152055594 144
152112145 148
152167279 115
152224113 126
152281179 116
152338008 116
152394500 121
152449902 106
152506166 112
152562593 119
152618523 107
152675285 112
152731841 117
152788088 102
152844796 121
152901214 112
152957123 107
153013105 96
153068524 122
153126198 124
153182043 111
153238098 112
153292494 99
153347251 84
153401830 69
153454405 32
153507452 49
153559410 43
153610233 43
153660574 45
153707754 35
153755210 42
153802771 61
153850464 63
153897962 62
153944230 73
153989275 64
154037853 96
154086062 114
154135080 114
154184069 114
154233083 114
154281998 114
154329862 113
154376879 114
154420537 23
154461329 20
154498774 20
154528159 16
155293788 15
155324037 3
155355635 1
155387574 1
155419572 11
155458825 52
155504504 95
155556854 139
155612206 150
155668137 147
155724362 149
155781021 148
155839109 151
155897437 147
155958857 173
156021637 180
156088200 200
156156640 200
156228462 200
156301205 200
156374368 200
156449790 200
156528298 200
156606004 200
156683042 200
156760098 200
156841108 200
156920699 200
157001757 200
157086709 200
157174113 200
157263607 200
157355713 200
157449912 200
157544342 200
157638673 200
157733657 200
157835932 200
157935738 200
158036338 200
158138659 200
158244691 200
158348348 200
158453555 200
158557682 200
158658974 200
158748104 200
158829805 200
158910292 200
158979385 200
159047861 200
159114307 200
159180943 200
159247025 200
159309073 200
159370248 200
159431708 200
159492698 200
159552758 200
159614312 200
159673964 200
159735717 200
159797222 200
159857844 200
159919390 200
159980210 200
160041714 200
160103531 200
160164308 200
160224768 200
160283077 200
160341034 200
160400186 200
160456670 200
160512099 154
160568031 150
160623700 140
160679210 131
160734908 143
160789816 109
160846538 122
160902053 108
160957459 108
161013659 117
161069367 112
161125456 116
161179998 104
161236095 120
161292436 113
161347542 107
161403858 119
161459032 101
161515347 112
161570925 124
161625854 107
161681956 118
161737085 106
161792068 109
161847530 94
161901183 88
161956182 93
162009179 90
162061646 85
162112703 74
162162029 37
162212380 43
162262117 44
162311041 40
162360095 53
162408521 67
162456957 62
162505185 75
162553153 62
162600010 62
162645616 72
162688637 66
162736024 92
162787072 114
162835888 114
162883484 114
162930208 107
162974450 21
163014593 21
163051593 20
163077224 12
163808737 8
163837518 3
163866931 2
163896793 1
163928364 0
163960892 14
164000311 51
164039946 51
164079724 50
164127399 116
164183860 152
164241049 151
164299320 150
164357279 150
164416027 150
164478610 175
164541776 181
164611658 200
164682087 200
164754818 200
164828517 200
164904356 200
164982942 200
165060936 200
165137967 200
165215341 200
165295001 200
165374589 200
165455645 200
165539391 200
165624569 200
165712031 200
165799229 200
165886531 200
165973139 200
166066607 200
166166850 200
166266928 200
166366613 200
166466310 200
166567813 200
166669812 200
166770879 200
166866792 200
166956658 200
167043534 200
167134331 200
167225894 200
167315912 200
167399723 200
167474936 200
167544933 200
167614269 200
167680995 200
167747747 200
167811333 200
167872116 200
167935299 200
167997631 200
168058399 200
168121580 200
168183884 200
168246301 200
168308464 200
168371266 200
168433226 200
168495325 200
168555353 200
168614242 200
168672877 200
168731667 200
168791428 200
168850611 200
168908659 200
168965765 200
169022696 177
169078364 146
169133975 141
169190809 151
169246607 130
169301717 121
169357690 120
169412445 101
169469477 120
169524704 115
169579828 105
169636777 118
169693639 103
169750078 119
169805645 104
169860873 110
169917311 119
169973401 116
170029142 108
170085081 107
170140482 107
170194464 87
170250159 91
170306327 99
170359562 76
170413004 91
170466033 94
170519028 90
170573280 91
170623554 72
170674920 89
170726571 62
170776844 39
170825530 34
170874358 51
170921883 44
170967446 48
171010058 40
171055348 50
171100066 71
171147200 104
171196543 113
171245603 114
171294433 114
171343687 114
171392226 114
171439298 114
171484889 54
171528176 20
171567892 20
171603066 21
171619515 1
172423305 21
172456301 32
172496007 50
172535518 50
172575097 49
172620239 91
172668922 102
172722581 141
172780028 152
172838035 153
172896728 163
172958926 176
173022323 177
173087079 176
173151923 193
173219386 200
173287278 200
173360150 200
173433969 200
173507602 200
173582563 200
173662647 200
173742131 200
173820534 200
173898681 200
173979015 200
174058927 200
174148428 200
174237081 200
174325531 200
174413349 200
174504866 200
174598409 200
174697443 200
174798963 200
174901470 200
175004322 200
175106208 200
175206443 200
175306769 200
175403382 200
175490428 200
175572685 200
175654420 200
175744952 200
175836193 200
175927974 200
176012283 200
176087497 200
176158973 200
176228366 200
176296766 200
176365579 200
176433190 200
176498578 200
176563157 200
176627741 200
176690301 200
176753970 200
176816201 200
176877446 200
176940249 200
177001614 200
177063179 200
177123519 200
177184903 200
177245846 200
177304916 200
177364907 200
177423080 200
177482758 200
177542642 200
177600876 200
177658995 187
177714168 145
177771980 149
177829090 143
177886980 137
177944221 143
178000625 130
178058232 126
178114987 119
178171429 110
178228875 119
178286201 114
178342828 102
178399771 113
178457642 124
178515218 106
178571347 110
178625128 112
178679727 112
178735993 123
178789362 90
178843308 92
178896623 81
178951463 105
179005487 86
179057471 82
179110308 93
179161295 63
179213825 77
179263596 62
179313928 61
179366636 92
179417642 97
179468985 85
179520755 89
179569176 59
179617486 61
179667032 65
179716393 68
179764914 68
179812208 62
179857297 68
179902813 67
179948547 82
179997571 114
180044418 114
180090081 76
180132548 20
180171997 21
180208296 21
180226872 5
180953202 13
180979746 1
181008166 0
181043896 45
181082685 51
181121696 50
181161558 52
181202362 51
181242884 51
181284770 66
181334239 103
181383702 104
181440940 161
181503868 181
181567025 178
181630098 178
181693656 179
181759238 196
181828962 200
181901150 200
181973253 200
182046316 200
182122206 200
182201905 200
182280141 200
182359334 200
182437780 200
182517777 200
182600292 200
182686795 200
182774812 200
182862549 200
182949797 200
183036981 200
183129257 200
183227105 200
183324102 200
183422296 200
183522774 200
183621642 200
183721506 200
183818734 200
183911900 200
183991652 200
184076434 200
184167050 200
184256594 200
184346444 200
184436362 200
184520604 200
184597195 200
184669834 200
184741362 200
184809673 200
184878197 200
184947371 200
185015303 200
185082973 200
185149665 200
185217145 200
185283925 200
185350942 200
185416481 200
185480858 200
185542378 200
185604447 200
185666471 200
185727655 200
185789255 200
185849432 200
185907326 200
185966765 200
186024566 200
186083818 200
186141656 200
186198859 177
186257720 176
186313989 139
186371978 154
186428968 137
186486207 141
186544942 152
186601400 132
186659012 141
186717724 142
186774937 145
186831833 141
186887794 129
186943957 119
187000010 115
187056949 124
187113127 106
187169584 111
187224854 110
187281574 123
187337453 108
187392974 107
187449180 120
187503754 104
187559563 105
187614981 96
187667951 71
187722663 60
187777411 53
187829703 44
187881362 48
187931836 48
187981578 41
188029149 34
188076216 46
188125649 74
188174342 62
188221199 67
188267401 70
188310455 65
188356427 86
188404038 113
188452788 114
188501920 114
188550965 113
188600046 113
188649226 114
188696531 114
188743408 86
188786531 20
188826055 21
188862330 21
188882662 7
189684976 21
189715792 3
189747392 2
189778966 0
189815022 36
189860660 106
189917025 155
189973310 154
190030029 156
190087671 154
190146066 154
190205215 155
190264670 155
190325030 165
190390817 195
190460616 200
190532406 200
190604431 200
190677629 200
190752619 200
190831547 200
190909273 200
190986796 200
191064503 200
191143247 200
191225628 200
191309060 200
191397159 200
191485236 200
191569987 200
191657207 200
191752897 200
191846964 200
191942069 200
192043988 200
192144501 200
192244222 200
192344685 200
192443886 200
192546842 200
192649794 200
192750046 200
192838968 200
192923719 200
193009737 200
193100149 200
193180034 200
193254982 200
193330243 200
193399769 200
193469489 200
193537050 200
193605789 200
193671810 200
193739143 200
193805230 200
193868280 200
193932859 200
193995504 200
194056458 200
194121802 200
194184678 200
194245527 200
194307637 200
194368194 200
194429921 200
194490076 200
194549333 200
194610171 200
194668622 200
194727156 200
194784762 200
194842273 158
194900680 169
194958692 145
195015640 134
195074167 142
195130401 138
195186559 137
195242199 127
195297773 119
195355282 136
195411341 115
195468813 125
195524632 105
195579837 98
195638347 134
195694519 112
195751005 103
195808038 122
195863187 98
195922431 127
195979860 108
196034320 108
196090870 122
196148178 112
196203956 98
196258710 92
196312480 66
196367502 69
196421624 62
196474023 63
196526621 67
196577579 69
196629137 67
196679116 64
196728304 62
196777251 64
196827525 62
196877814 69
196927086 68
196975822 64
197023661 73
197069943 64
197113860 68
197161680 95
197210728 114
197259040 114
197306080 114
197350309 38
197391222 20
197429342 21
197459974 17
198196773 10
198225096 2
198255383 2
198286840 1
198317812 0
198349378 0
198383317 22
198426393 78
198475248 104
198523774 102
198572606 113
198630142 155
198689917 155
198750010 157
198809344 156
198869182 155
198932170 181
199001614 200
199073557 200
199145260 200
199217427 200
199292068 200
199372329 200
199451037 200
199528124 200
199605005 200
199684519 200
199764585 200
199845416 200
199929666 200
200014993 200
200098575 200
200186423 200
200277547 200
200368110 200
200464121 200
200565812 200
200668225 200
200771511 200
200872038 200
200972992 200
201075592 200
201178144 200
201281046 200
201377250 200
201462301 200
201550663 200
201638398 200
201719241 200
201787170 200
201849371 200
201910201 200
201972787 200
202033482 200
202093402 200
202153061 200
202213606 200
202274328 200
202334852 200
202394223 200
202455010 200
202515990 200
202576394 200
202635979 200
202697683 200
202761171 200
202822610 200
202883097 200
202940264 200
202998576 200
203058219 200
203115679 200
203172690 200
203228421 200
203283222 151
203338500 132
203392007 102
203447239 122
203502645 120
203557353 112
203612266 110
203666480 106
203722184 118
203777783 117
203832869 112
203887715 109
203943139 110
203999318 114
204054216 115
204108458 101
204163274 112
204219525 123
204273915 111
204329122 113
204383263 101
204438738 114
204494510 122
204548552 103
204602891 98
204656790 91
204710418 91
204764392 84
204817845 92
204869857 62
204921440 71
204972088 70
205021586 54
205070081 39
205118515 50
205168990 73
205218544 62
205267314 70
205315363 67
205363122 63
205411190 70
205456336 64
205500556 68
205543962 68
205592603 96
205635803 20
205675687 20
205712383 20
205734990 8
206333435 1
206358802 0
206384113 1
206409529 0
206435243 0
206464375 0
206494246 1
206523839 1
206553496 0
206583750 0
206615218 1
206653206 44
206694828 54
206735275 51
206775752 54
206822564 90
206876686 134
206935893 158
206994966 157
207054229 157
207116509 187
207186615 200
207257071 200
207327249 200
207398070 200
207471901 200
207547713 200
207626237 200
207703363 200
207780253 200
207858362 200
207937271 200
208016566 200
208098246 200
208180701 200
208263951 200
208349521 200
208435713 200
208522051 200
208611493 200
208705394 200
208801694 200
208901547 200
208998838 200
209096647 200
209194080 200
209293247 200
209387285 200
209474901 200
209562723 200
209651437 200
209743620 200
209836122 200
209921040 200
210006192 200
210084637 200
210154286 200
210223393 200
210294253 200
210357707 200
210420971 200
210482297 200
210545643 200
210608876 200
210671599 200
210732648 200
210794731 200
210857188 200
210919132 200
210980388 200
211040170 200
211099770 200
211158148 200
211216466 200
211273832 200
211332605 200
211390816 200
211447903 200
211504756 200
211561337 200
211618786 200
211674764 150
211730086 140
211785541 159
211841174 127
211896538 115
211951638 113
212005740 104
212061504 120
212116394 111
212172884 111
212228370 108
212283607 113
212339951 122
212394370 108
212449275 113
212504711 113
212560724 110
212616402 112
212672415 117
212727130 93
212781406 89
212835190 88
212887991 79
212941658 85
212995149 100
213048577 101
213100633 82
213152552 90
213203245 79
213255893 101
213309440 123
213362672 112
213413775 75
213463769 45
213514115 44
213563069 42
213610709 36
213657539 44
213702434 48
213745240 43
213790465 59
213839032 105
213888457 113
213937343 114
213986102 114
214032905 114
214077883 63
214120009 20
214159321 20
214195662 20
214215379 6
215015594 78
215051316 51
215089824 51
215128706 53
215168872 51
215209504 50
215250168 51
215290889 51
215337810 100
215391287 145
215452903 183
215515537 182
215578970 183
215643764 181
215708838 184
215773516 182
215838032 181
215906647 200
215978836 200
216052446 200
216127170 200
216204970 200
216283852 200
216361280 200
216439004 200
216520443 200
216604007 200
216690504 200
216777753 200
216867048 200
216954523 200
217041302 200
217128342 200
217221473 200
217318973 200
217423137 200
217525944 200
217629112 200
217727936 200
217826460 200
217925593 200
218022714 200
218113180 200
218195650 200
218275901 200
218358382 200
218442299 200
218524159 200
218595986 200
218663451 200
218729771 200
218791734 200
218855272 200
218917448 200
218980072 200
219042425 200
219104759 200
219167344 200
219227871 200
219288959 200
219349244 200
219411648 200
219473192 200
219534443 200
219595162 200
219654033 200
219715061 200
219774690 200
219834300 200
219894005 200
219951848 200
220010028 200
220066684 200
220123085 162
220180153 139
220236460 127
220292399 114
220347904 103
220404986 124
220460816 109
220516248 99
220572836 120
220629107 115
220686446 118
220743111 111
220799688 112
220856422 102
220912738 122
220968909 113
221022969 113
221077781 112
221131202 102
221186759 123
221241031 103
221295537 111
221349623 108
221402127 84
221456129 94
221509483 88
221562943 90
221616522 76
221668632 70
221720369 59
221771983 67
221822573 73
221872266 69
221923164 86
221973758 89
222025397 96
222074607 71
222124353 71
222174126 67
222222980 61
222270702 67
222317994 66
222363421 51
222405513 21
222446398 20
222486244 20
222523091 20
222545801 9
223125030 1
223148285 0
223171464 1
223194831 0
223220941 0
223249567 0
223279088 1
223308529 0
223337985 1
223367640 0
223402921 42
223442367 52
223481884 53
223521617 52
223562754 55
223604896 52
223654057 93
223706308 104
223757107 105
223812697 145
223878283 200
223948047 200
224018604 200
224089116 200
224160539 200
224232569 200
224306163 200
224382077 200
224460033 200
224538839 200
224617468 200
224697181 200
224777691 200
224859160 200
224941519 200
225025775 200
225114691 200
225202591 200
225289288 200
225381855 200
225473500 200
225566626 200
225662209 200
225757715 200
225850462 200
225951318 200
226050083 200
226150639 200
226237453 200
226318582 200
226400530 200
226481702 200
226565256 200
226652905 200
226734246 200
226809439 200
226883371 200
226956878 200
227031133 200
227100391 200
227165490 200
227225624 200
227286385 200
227347488 200
227407754 200
227469577 200
227529699 200
227591430 200
227652592 200
227712822 200
227774814 200
227836147 200
227894736 200
227954702 200
228012473 200
228069955 200
228127936 200
228184944 200
228242864 200
228299788 200
228357608 191
228413859 159
228471350 164
228527709 165
228584891 162
228641936 136
228697787 117
228752783 109
228808317 114
228865092 119
228919955 103
228976574 122
229031417 103
229088308 122
229143775 110
229198197 105
229254517 122
229310106 114
229365381 102
229421675 121
229476578 104
229531849 90
229586707 106
229640069 84
229695188 78
229749779 85
229802625 76
229855928 66
229908746 64
229958885 57
230008726 42
230058474 44
230106153 29
230154466 51
230200710 51
230243142 41
230289312 56
230333969 74
230381038 101
230429811 114
230478743 114
230528059 114
230576925 113
230625888 113
230672618 113
230718352 76
230760712 21
230800430 21
230836919 20
230857951 7
231649214 18
231677895 1
231709053 0
231741505 12
231781207 51
231827938 103
231876600 104
231925799 105
231980637 148
232038815 157
232097414 158
232156155 158
232216072 157
232278888 179
232345260 200
232413274 200
232481365 200
232552197 200
232626090 200
232700285 200
232775305 200
232854571 200
232932954 200
233011259 200
233090464 200
233170954 200
233251065 200
233334365 200
233419001 200
233504922 200
233593404 200
233683035 200
233773960 200
233871958 200
233973439 200
234075568 200
234174861 200
234273039 200
234371055 200
234469641 200
234562131 200
234644080 200
234726709 200
234812385 200
234897797 200
234983451 200
235069100 200
235156237 200
235233530 200
235306750 200
235380742 200
235447305 200
235514613 200
235579775 200
235641420 200
235704292 200
235765627 200
235826371 200
235888961 200
235950056 200
236012324 200
236076127 200
236136237 200
236196022 200
236257393 200
236318298 200
236377283 200
236436755 200
236494504 200
236553997 200
236611587 200
236668785 200
236729318 200
236786996 191
236844867 169
236901627 154
236959221 149
237015821 131
237073597 133
237128663 111
237183251 104
237239690 117
237295560 117
237350605 100
237407173 122
237462236 103
237518269 112
237574837 122
237630477 113
237685649 103
237741942 115
237797914 111
237854596 115
237909870 103
237963363 78
238018317 93
238072798 91
238126043 66
238181549 110
238234735 86
238288083 85
238340914 83
238390445 67
238443195 83
238497617 88
238550598 94
238602746 78
238653903 64
238705504 74
238756463 63
238807222 71
238856552 67
238905298 62
238955258 67
239001505 67
239047409 69
239089604 60
239135968 102
239180605 42
239221909 20
239260086 20
239291525 18
239920878 5
239946620 1
239973123 1
239999772 0
240026527 0
240055331 0
240090532 44
240128776 53
240167059 53
240205305 53
240244834 54
240285151 54
240326564 55
240367949 52
240409335 53
240452832 73
240508166 139
240570825 183
240634485 185
240698191 184
240762384 185
240831921 200
240902957 200
240973924 200
241045320 200
241118518 200
241193706 200
241273598 200
241352577 200
241429981 200
241508540 200
241590347 200
241675361 200
241761850 200
241849488 200
241937391 200
242025918 200
242115215 200
242209271 200
242303333 200
242398150 200
242496766 200
242598680 200
242700106 200
242798743 200
242891954 200
242983137 200
243074838 200
243167374 200
243261224 200
243355313 200
243449816 200
243544202 200
243631389 200
243711517 200
243790142 200
243862459 200
243929579 200
243992837 200
244053036 200
244113398 200
244173534 200
244234828 200
244296785 200
244356375 200
244416162 200
244476849 200
244537760 200
244598250 200
244659532 200
244719102 200
244777861 200
244836485 200
244895147 200
244954004 200
245014099 200
245072901 200
245131628 200
245187975 200
245244341 200
245301214 200
245357224 170
245412130 137
245467438 134
245522077 111
245577900 111
245631931 107
245686699 110
245741949 115
245798019 119
245852982 110
245909367 105
245965140 112
246020972 116
246076546 111
246131490 112
246186913 116
246243168 118
246297998 106
246352274 92
246406785 85
246462711 101
246517293 92
246571682 89
246624987 81
246678331 91
246731695 83
246785391 90
246837664 90
246890809 101
246945143 112
246997316 111
247048939 106
247100907 99
247151540 56
247201625 49
247250141 38
247297458 44
247344972 49
247390479 36
247432662 43
247478188 59
247522793 61
247571638 111
247620916 112
247669317 113
247716161 113
247761150 62
247803099 20
247841861 21
247876912 20
247893058 1
248695434 95
248732605 52
248770830 51
248809900 52
248849788 50
248890178 52
248930624 51
248971285 51
249018380 103
249071361 128
249131299 183
249194009 182
249257448 182
249321115 184
249385266 183
249449731 184
249515669 200
249586193 200
249659131 200
249732398 200
249807136 200
249885596 200
249964791 200
250042146 200
250120131 200
250201881 200
250287186 200
250371851 200
250458942 200
250548147 200
250635015 200
250721187 200
250808439 200
250897869 200
250995858 200
251096760 200
251197531 200
251299801 200
251400781 200
251499629 200
251598092 200
251697242 200
251788727 200
251879257 200
251969516 200
252059811 200
252150205 200
252240564 200
252317070 200
252389247 200
252463516 200
252534194 200
252599360 200
252663604 200
252725838 200
252788950 200
252854670 200
252917239 200
252980240 200
253042553 200
253104471 200
253167888 200
253230694 200
253293999 200
253354955 200
253412444 200
253470537 200
253528854 200
253587482 200
253646101 200
253703882 200
253761014 200
253819731 200
253875379 187
253931633 167
253986588 151
254043444 165
254099369 119
254156164 121
254211788 107
254267545 110
254323945 122
254379343 120
254433905 101
254489970 123
254545733 112
254601113 107
254657943 121
254714012 113
254770115 112
254826155 112
254881009 102
254938195 115
254994130 108
255051139 120
255107070 111
255162814 109
255216411 108
255272568 126
255327510 103
255383251 121
255436264 82
255490203 98
255543716 65
255597136 72
255650923 68
255701568 57
255753740 66
255803005 39
255852183 36
255901392 55
255950810 44
255997608 41
256045541 50
256092767 64
256139451 67
256182763 61
256230729 97
256280046 114
256327313 113
256372958 74
256415686 20
256455369 20
256491709 20
256509789 4
257187857 3
257213644 1
257240701 1
257270342 0
257300246 1
257330101 0
257361620 2
257393742 0
257426235 0
257464389 45
257505027 54
257548596 80
257605326 158
257664991 159
257724357 159
257783945 159
257844136 160
257904918 166
257972482 200
258042954 200
258113717 200
258185928 200
258260393 200
258337230 200
258416331 200
258494707 200
258572300 200
258650888 200
258730404 200
258810196 200
258893898 200
258979200 200
259064198 200
259147980 200
259232904 200
259324027 200
259419409 200
259519379 200
259624115 200
259725866 200
259823809 200
259919793 200
260015475 200
260107897 200
260192324 200
260272996 200
260355105 200
260440978 200
260527514 200
260611574 200
260688415 200
260758931 200
260827154 200
260896606 200
260965667 200
261035221 200
261104791 200
261173517 200
261241372 200
261307037 200
261371121 200
261432170 200
261493974 200
261555427 200
261617563 200
261680470 200
261743077 200
261803015 200
261862599 200
261922129 200
261981646 200
262039235 200
262097312 200
262156630 200
262215931 200
262273404 190
262329033 140
262386300 150
262443090 128
262500622 152
262557446 132
262614734 139
262673716 147
262730142 138
262789625 133
262847577 107
262906136 120
262963415 110
263021973 117
263078679 106
263135398 117
263190756 115
263245319 109
263300629 109
263354844 114
263410324 115
263465305 109
263520251 114
263574604 107
263629223 120
263683178 90
263737725 95
263791499 85
263843774 65
263897984 72
263948964 47
264000385 45
264050924 43
264099627 49
264147377 39
264194098 40
264240847 46
264286527 42
264332207 53
264376521 68
264421370 74
264470180 114
264518934 114
264567701 114
264615507 114
264661456 87
264704279 21
264744052 21
264780400 20
264801165 7
265543664 8
265571526 1
265602078 0
265634255 1
265666346 1
265699023 0
265731467 1
265768810 47
265820378 133
265878161 160
265935881 160
265994804 159
266055145 161
266116074 160
266177057 161
266238580 160
266302519 189
266372197 200
266446301 200
266520126 200
266593958 200
266672802 200
266751831 200
266829433 200
266907815 200
266987011 200
267067266 200
267148833 200
267234540 200
267320558 200
267404158 200
267487375 200
267573358 200
267672601 200
267775474 200
267877348 200
267976498 200
268077022 200
268176380 200
268272829 200
268367300 200
268450779 200
268529390 200
268606758 200
268690614 200
268778707 200
268866740 200
268949724 200
269028691 200
269101658 200
269177448 200
269252589 200
269324937 200
269395560 200
269463453 200
269530415 200
269597755 200
269663905 200
269723698 200
269787676 200
269848676 200
269910663 200
269972215 200
270032816 200
270095486 200
270155932 200
270215968 200
270273708 200
270330974 200
270388850 200
270447767 200
270506597 200
270564247 200
270621826 187
270679229 171
270734503 141
270792824 177
270851677 171
270909007 132
270967042 147
271022717 130
271080961 143
271139047 144
271194272 113
271248835 91
271306110 133
271362735 100
271421860 120
271478554 104
271533276 100
271591329 133
271646895 112
271703452 109
271759298 104
271814207 113
271871229 114
271927480 120
271983714 91
272039224 88
272093167 83
272146124 63
272199115 58
272252240 73
272303639 46
272353604 31
272403502 56
272453538 31
272503136 42
272550655 56
272593724 29
272637172 51
272680189 48
272727656 102
272776624 113
272825810 113
272875352 114
272924559 114
272973300 113
273020208 114
273064363 41
273105502 20
273143552 21
273174446 18
273972577 15
274003702 0
274035806 0
274068196 1
274100678 2
274140656 64
274190229 106
274244107 144
274302114 160
274360512 162
274419807 161
274480586 161
274541644 161
274602856 161
274664170 166
274731436 200
274803059 200
274877006 200
274951344 200
275026556 200
275106143 200
275185191 200
275264587 200
275342926 200
275421300 200
275502010 200
275585097 200
275670623 200
275758618 200
275841786 200
275925317 200
276023570 200
276121627 200
276223893 200
276325980 200
276426727 200
276524808 200
276625138 200
276713776 200
276786459 200
276867612 200
276948374 200
277031667 200
277114150 200
277197411 200
277281529 200
277359859 200
277434217 200
277507873 200
277582268 200
277652359 200
277715946 200
277779535 200
277841804 200
277905261 200
277967535 200
278030184 200
278093694 200
278155910 200
278218729 200
278282131 200
278345086 200
278406031 200
278468622 200
278527952 200
278587012 200
278645684 200
278701929 194
278762381 200
278821860 200
278879664 200
278938220 200
278994277 150
279052878 170
279110664 159
279168401 147
279227212 127
279283219 112
279338385 105
279393841 108
279450130 113
279506202 112
279562974 109
279621198 132
279677082 98
279732964 113
279790038 116
279846162 113
279904788 101
279962121 128
280018256 103
280074076 88
280130221 90
280182803 80
280238811 100
280292215 83
280344764 81
280398789 102
280450112 74
280502919 94
280552632 54
280603301 40
280655845 45
280704492 41
280754078 51
280800821 40
280845934 41
280889975 44
280933252 51
280981239 101
281030636 113
281080001 114
281129167 114
281175938 114
281221022 61
281263016 20
281301872 20
281337282 20
281353646 2
282116766 12
282146247 0
282177691 1
282209788 14
282249929 53
282290821 53
282331596 54
282376727 89
282426725 106
282477085 110
282532570 149
282592500 162
282653254 162
282715444 174
282781207 189
282846936 189
282914075 200
282987347 200
283061182 200
283134884 200
283209775 200
283290136 200
283369624 200
283448024 200
283527432 200
283608321 200
283688768 200
283773241 200
283860065 200
283952307 200
284046365 200
284143130 200
284243797 200
284350186 200
284453725 200
284558467 200
284666470 200
284774165 200
284878100 200
284970151 200
285052943 200
285140365 200
285231789 200
285324087 200
285419047 200
285515834 200
285614283 200
285704978 200
285790900 200
285871092 200
285941332 200
286013424 200
286084481 200
286154548 200
286220314 200
286287219 200
286352472 200
286418360 200
286482453 200
286547961 200
286612209 200
286675899 200
286739771 200
286802933 200
286866902 200
286927600 200
286989155 200
287050334 200
287110731 200
287172846 200
287233346 200
287294723 200
287356037 200
287415820 195
287475693 169
287534446 128
287593648 148
287653725 150
287711618 120
287770867 138
287828305 113
287886960 118
287946489 125
288004549 111
288063275 106
288121273 121
288177576 107
288235855 118
288294994 112
288352825 101
288412108 123
288473404 106
288531620 109
288590322 111
288648431 113
288709239 121
288767402 94
288825586 92
288883789 90
288941894 86
288999804 88
289056864 91
289112609 81
289167888 66
289220660 61
289272892 74
289324813 54
289374372 44
289425047 39
289475424 37
289524837 55
289570892 43
289617793 42
289667151 77
289716481 80
289768993 114
289819172 114
289868453 114
289915082 42
289958656 20
289999067 20
290033526 18
290810814 8
290839546 0
290871657 0
290904732 2
290937902 0
290971284 1
291005315 5
291048277 53
291099543 105
291153169 109
291206596 108
291261668 127
291326054 162
291390965 161
291455843 163
291519536 162
291586485 177
291660094 200
291737645 200
291815517 200
291893156 200
291972009 200
292056234 200
292139637 200
292221816 200
292304846 200
292388390 200
292473447 200
292560957 200
292650030 200
292739567 200
292827547 200
292918169 200
293015730 200
293119356 200
293223587 200
293326924 200
293433425 200
293538003 200
293643646 200
293748406 200
293850964 200
293952497 200
294043968 200
294133591 200
294224041 200
294312081 200
294398291 200
294486351 200
294565458 200
294637951 200
294708161 200
294774511 200
294843206 200
294910317 200
294977838 200
295047773 200
295112609 200
295179382 200
295245377 200
295310728 200
295377903 200
295444845 200
295510453 200
295575022 200
295642177 200
295706191 200
295770255 200
295833347 200
295896222 200
295958162 200
296018672 200
296079029 200
296138533 200
296198286 178
296257594 141
296316269 117
296376055 126
296434024 102
296493744 122
296552024 111
296610340 110
296673244 122
296731525 104
296792974 119
296853085 116
296911084 99
296971385 117
297030360 118
297090412 110
297148395 99
297208161 127
297268111 113
297328099 112
297386971 109
297444739 100
297505115 113
297564576 98
297622564 84
297681045 83
297739141 89
297797309 87
297854378 95
297909760 87
297964550 82
298021071 102
298074810 62
298129918 64
298186112 71
298240850 64
298296950 63
298351387 69
298404496 69
298455987 62
298506796 73
298557374 65
298605713 37
298651462 19
298696108 18
298738640 20
298777024 20
298803922 13
299390362 0
299413003 0
299435596 0
299459880 1
299486295 0
299513847 0
299543183 0
299574892 0
299606400 1
299637758 0
299669786 0
299703154 16
299744252 53
299786587 54
299830004 54
299873951 53
299918968 54
299964826 55
300010766 53
300063375 103
300123229 145
300190108 185
300262305 200
300337376 200
300412843 200
300488706 200
300565196 200
300642105 200
300719736 200
300802389 200
300886993 200
300970738 200
301055356 200
301140362 200
301225401 200
301311227 200
301401169 200
301494369 200
301588300 200
301681045 200
301780778 200
301881451 200
301983575 200
302082748 200
302183965 200
302287351 200
302393231 200
302494908 200
302580288 200
302657920 200
302734066 200
302818226 200
302910627 200
303003153 200
303095736 200
303187898 200
303276515 200
303359054 200
303437865 200
303516895 200
303594352 200
303664921 200
303737679 200
303803977 200
303871050 200
303936659 200
304003492 200
304070592 200
304137867 200
304204765 200
304270932 200
304335477 200
304398617 200
304462917 200
304525139 200
304586728 177
304648325 197
304711447 200
304774420 200
304837494 200
304902366 200
304965355 200
305025696 155
305089732 188
305150490 154
305212578 174
305273188 137
305331459 122
305393646 120
305453747 116
305514886 118
305575071 107
305633599 108
305694793 117
305755564 116
305816142 106
305876573 112
305938272 122
305998459 105
306060053 114
306117122 108
306176386 122
306233425 98
306290672 125
306346904 98
306402692 82
306460229 98
306515244 59
306570253 40
306624606 50
306678082 45
306732060 35
306784168 44
306834132 41
306883983 41
306933139 38
306980291 51
307024418 45
307071378 70
307122711 112
307174934 113
307230449 114
307282336 113
307334551 114
307385471 113
307435456 114
307481925 25
307525496 20
307565504 21
307595066 13
308418603 11
308451291 5
308484748 0
308518980 1
308553139 0
308586985 1
308631193 89
308691934 160
308753017 161
308814335 161
308876273 159
308939689 162
309004076 162
309068682 160
309133060 160
309197897 168
309270104 200
309346578 200
309424897 200
309502848 200
309584295 200
309667689 200
309750123 200
309832413 200
309915254 200
309997826 200
310083697 200
310172872 200
310263236 200
310352930 200
310441821 200
310530088 200
310631181 200
310737426 200
310844921 200
310952386 200
311059947 200
311167676 200
311271207 200
311374098 200
311469452 200
311561206 200
311654748 200
311746036 200
311837655 200
311929321 200
312022678 200
312110196 200
312195561 200
312273432 200
312346421 200
312420673 200
312493715 200
312564845 200
312636229 200
312703462 200
312769688 200
312835976 200
312903026 200
312968013 200
313034249 200
313099778 200
313165398 200
313230010 200
313293166 200
313354799 200
313415783 200
313478854 200
313541868 200
313602605 200
313662919 200
313724196 200
313785182 200
313846154 195
313905229 166
313965691 146
314026522 146
314086388 135
314146303 125
314207167 128
314268425 114
314328155 112
314387254 109
314446906 109
314507888 119
314566047 113
314627580 112
314688625 104
314750809 120
314811908 112
314872139 113
314932170 107
314992025 107
315053088 115
315110167 108
315166982 91
315222465 93
315277068 83
315331550 87
315387162 96
315440559 78
315494985 92
315549781 72
315603823 66
315658434 66
315711955 86
315766065 92
315818012 86
315868819 60
315917582 37
315967221 48
316017731 42
316069920 58
316119197 66
316168210 63
316215283 64
316268388 113
316319947 114
316370922 99
316419606 20
316462642 20
316501848 20
316527383 11
317270269 7
317298785 0
317327679 2
317359165 0
317390867 0
317424109 17
317465993 52
317508985 54
317552071 53
317595277 53
317639028 56
317688929 99
317742642 120
317805548 160
317869079 161
317935633 185
318004668 187
318074241 189
318146706 200
318221707 200
318297608 200
318374646 200
318453170 200
318535499 200
318619810 200
318703352 200
318786991 200
318870858 200
318956078 200
319042304 200
319131109 200
319226088 200
319320261 200
319412745 200
319506515 200
319607952 200
319711313 200
319813270 200
319917279 200
320022748 200
320128338 200
320230339 200
320319016 200
320408230 200
320495600 200
320584307 200
320675575 200
320768547 200
320861640 200
320950677 200
321032926 200
321110900 200
321190949 200
321270574 200
321350326 200
321427904 200
321505002 200
321579563 200
321652075 200
321725170 200
321793082 200
321861104 200
321928747 200
321995166 200
322061281 200
322128039 200
322193301 200
322259667 200
322323311 200
322387606 200
322448733 200
322511377 200
322572505 200
322635840 200
322699026 200
322759467 173
322820748 172
322880319 149
322942238 177
323003807 162
323064804 162
323126010 143
323186645 148
323248516 141
323310529 153
323371667 117
323429983 109
323490155 123
323550502 112
323610668 112
323669147 104
323728755 112
323789047 117
323848692 116
323907070 103
323966351 111
324026305 116
324086258 114
324144721 101
324202239 86
324260521 96
324318893 88
324376149 91
324432158 78
324487812 74
324542588 49
324596477 41
324650167 55
324702761 33
324756672 70
324809150 59
324861668 67
324913948 69
324965828 70
325017080 58
325066201 74
325113534 66
325162319 79
325215519 114
325267455 114
325318438 114
325368238 114
325414645 33
325458062 20
325498136 20
325529197 16
326318608 9
326349005 3
326380169 1
326412847 2
326445729 0
326484121 36
326527292 55
326570496 54
326613994 57
326665837 107
326724417 150
326786619 163
326850414 163
326914642 162
326979126 167
327048067 188
327117433 191
327187617 200
327263780 200
327340352 200
327419115 200
327498542 200
327583037 200
327666160 200
327748834 200
327832688 200
327917377 200
328003097 200
328089291 200
328180617 200
328273882 200
328366833 200
328458862 200
328550177 200
328644563 200
328752389 200
328862759 200
328970661 200
329077209 200
329184571 200
329294456 200
329403913 200
329509824 200
329613463 200
329716840 200
329811234 200
329905383 200
329997794 200
330087002 200
330167168 200
330247684 200
330325099 200
330399714 200
330476129 200
330547118 200
330616045 200
330683599 200
330749623 200
330814868 200
330879519 200
330944506 200
331011096 200
331075684 200
331139039 200
331202871 200
331265685 200
331329034 200
331391627 200
331452994 200
331515811 200
331577365 200
331640394 200
331701557 200
331761239 198
331821473 167
331881406 163
331942289 164
332002509 160
332063007 160
332121326 135
332180834 141
332238952 112
332298121 117
332357544 112
332416844 113
332476220 109
332535431 108
332595020 118
332653985 107
332713697 112
332773072 115
332832524 109
332893377 121
332956163 112
333014475 104
333073409 116
333131812 107
333192204 122
333251039 113
333308987 106
333367185 96
333424787 81
333483394 89
333541979 107
333598225 72
333653855 63
333709371 76
333764053 67
333820685 68
333873655 59
333927225 59
333980694 40
334031546 40
334080681 43
334126712 35
334175857 61
334225840 63
334274130 76
334325167 100
334377001 113
334427280 113
334476301 95
334522027 21
334564384 20
334603271 20
334626997 8
335408968 9
335437855 0
335469329 0
335502733 0
335535812 2
335569889 1
335608014 34
335651374 55
335700891 99
335753713 109
335813066 155
335875609 165
335939454 165
336003892 163
336068422 164
336133768 167
336204429 190
336278420 200
336355460 200
336432173 200
336510756 200
336591601 200
336675608 200
336758486 200
336840292 200
336923528 200
337006946 200
337091721 200
337179767 200
337269875 200
337358212 200
337447694 200
337538863 200
337633608 200
337730296 200
337833898 200
337943443 200
338051825 200
338158032 200
338265008 200
338370088 200
338476867 200
338582131 200
338679905 200
338761516 200
338841530 200
338924987 200
339009339 200
339093757 200
339169160 200
339248456 200
339321804 200
339393617 200
339467263 200
339539431 200
339611123 200
339679832 200
339746419 200
3